,train,test
0,-1624.0,-80.0
1,-139.0,-78.0
2,-165.0,-104.0
3,-163.0,-87.0
4,-132.0,-139.0
5,-138.0,-126.0
6,-168.0,-99.0
7,-171.0,-119.0
8,-165.0,-116.0
9,-143.0,-103.0
10,-415.0,-86.0
11,-178.0,-99.0
12,-143.0,-94.0
13,-161.0,-97.0
14,-158.0,-72.0
15,-155.0,-85.0
16,-160.0,-83.0
17,-167.0,-106.0
18,-145.0,-92.0
19,-171.0,-101.0
20,-143.0,-127.0
21,-189.0,-78.0
22,-288.0,-74.0
23,-154.0,-94.0
24,-183.0,-93.0
25,-229.0,-86.0
26,-296.0,-103.0
27,-168.0,-103.0
28,-181.0,-98.0
29,-185.0,-113.0
30,-182.0,-103.0
31,-142.0,-103.0
32,-233.0,-108.0
33,-169.0,-104.0
34,-192.0,-92.0
35,-179.0,-99.0
36,-137.0,-103.0
37,-269.0,-96.0
38,-171.0,-91.0
39,-151.0,-95.0
40,-214.0,-84.0
41,-223.0,-100.0
42,-237.0,-97.0
43,-222.0,-110.0
44,-180.0,-136.0
45,-213.0,-100.0
46,-182.0,-121.0
47,-195.0,-105.0
48,-326.0,-77.0
49,-168.0,-117.0
50,-316.0,-114.0
51,-209.0,-86.0
52,-254.0,-83.0
53,-180.0,-124.0
54,-350.0,-100.0
55,-230.0,-75.0
56,-176.0,-91.0
57,-241.0,-125.0
58,-189.0,-113.0
59,-241.0,-92.0
60,-178.0,-113.0
61,-160.0,-83.0
62,-514.0,-86.0
63,-145.0,-155.0
64,-342.0,-102.0
65,-232.0,-105.0
66,-144.0,-94.0
67,-191.0,-100.0
68,-208.0,-99.0
69,-994.0,-109.0
70,-156.0,-98.0
71,-501.0,-125.0
72,-193.0,-86.0
73,-191.0,-120.0
74,-198.0,-92.0
75,-175.0,-105.0
76,-154.0,-104.0
77,-151.0,-106.0
78,-164.0,-110.0
79,-187.0,-104.0
80,-198.0,-109.0
81,-311.0,-93.0
82,-151.0,-116.0
83,-156.0,-97.0
84,-153.0,-87.0
85,-219.0,-98.0
86,-145.0,-86.0
87,-246.0,-105.0
88,-140.0,-98.0
89,-123.0,-93.0
90,-135.0,-90.0
91,-179.0,-93.0
92,-125.0,-105.0
93,-193.0,-92.0
94,-120.0,-109.0
95,-122.0,-113.0
96,-144.0,-95.0
97,-141.0,-102.0
98,-149.0,-118.0
99,-167.0,-84.0
100,-222.0,-85.0
101,-183.0,-94.0
102,-150.0,-102.0
103,-325.0,-91.0
104,-141.0,-80.0
105,-135.0,-97.0
106,-170.0,-134.0
107,-161.0,-115.0
108,-396.0,-129.0
109,-104.0,-95.0
110,-125.0,-75.0
111,-179.0,-109.0
112,-163.0,-107.0
113,-127.0,-83.0
114,-160.0,-125.0
115,-176.0,-118.0
116,-150.0,-121.0
117,-138.0,-76.0
118,-183.0,-114.0
119,-146.0,-95.0
120,-160.0,-95.0
121,-280.0,-99.0
122,-129.0,-99.0
123,-182.0,-94.0
124,-155.0,-75.0
125,-161.0,-100.0
126,-150.0,-100.0
127,-158.0,-126.0
128,-126.0,-78.0
129,-167.0,-112.0
130,-148.0,-90.0
131,-104.0,-83.0
132,-158.0,-78.0
133,-148.0,-124.0
134,-153.0,-98.0
135,-166.0,-93.0
136,-139.0,-99.0
137,-162.0,-107.0
138,-130.0,-83.0
139,-107.0,-83.0
140,-157.0,-118.0
141,-124.0,-119.0
142,-116.0,-115.0
143,-133.0,-85.0
144,-141.0,-87.0
145,-199.0,-100.0
146,-149.0,-96.0
147,-151.0,-104.0
148,-179.0,-86.0
149,-146.0,-92.0
150,-150.0,-136.0
151,-169.0,-103.0
152,-99.0,-132.0
153,-149.0,-84.0
154,-187.0,-104.0
155,-171.0,-102.0
156,-112.0,-123.0
157,-219.0,-75.0
158,-153.0,-167.0
159,-191.0,-109.0
160,-165.0,-103.0
161,-166.0,-112.0
162,-134.0,-104.0
163,-96.0,-77.0
164,-135.0,-109.0
165,-164.0,-118.0
166,-124.0,-102.0
167,-133.0,-93.0
168,-311.0,-77.0
169,-134.0,-107.0
170,-124.0,-84.0
171,-127.0,-103.0
172,-124.0,-89.0
173,-171.0,-98.0
174,-138.0,-104.0
175,-115.0,-130.0
176,-134.0,-110.0
177,-257.0,-75.0
178,-113.0,-102.0
179,-113.0,-93.0
180,-156.0,-93.0
181,-182.0,-106.0
182,-131.0,-99.0
183,-115.0,-95.0
184,-117.0,-126.0
185,-114.0,-93.0
186,-137.0,-92.0
187,-115.0,-106.0
188,-133.0,-119.0
189,-118.0,-77.0
190,-209.0,-94.0
191,-122.0,-109.0
192,-111.0,-92.0
193,-135.0,-102.0
194,-214.0,-101.0
195,-106.0,-94.0
196,-112.0,-83.0
197,-117.0,-91.0
198,-111.0,-87.0
199,-123.0,-113.0
200,-170.0,-83.0
201,-131.0,-111.0
202,-186.0,-102.0
203,-157.0,-87.0
204,-137.0,-123.0
205,-119.0,-207.0
206,-121.0,-89.0
207,-147.0,-111.0
208,-331.0,-72.0
209,-107.0,-85.0
210,-121.0,-108.0
211,-128.0,-104.0
212,-118.0,-110.0
213,-111.0,-85.0
214,-98.0,-102.0
215,-210.0,-102.0
216,-136.0,-105.0
217,-96.0,-83.0
218,-95.0,-83.0
219,-178.0,-116.0
220,-96.0,-90.0
221,-240.0,-99.0
222,-142.0,-99.0
223,-94.0,-111.0
224,-108.0,-80.0
225,-95.0,-102.0
226,-89.0,-86.0
227,-136.0,-92.0
228,-129.0,-83.0
229,-170.0,-111.0
230,-190.0,-125.0
231,-98.0,-85.0
232,-100.0,-117.0
233,-134.0,-115.0
234,-115.0,-133.0
235,-94.0,-89.0
236,-111.0,-166.0
237,-264.0,-119.0
238,-176.0,-116.0
239,-108.0,-109.0
240,-118.0,-83.0
241,-333.0,-96.0
242,-96.0,-107.0
243,-126.0,-102.0
244,-110.0,-608.0
245,-106.0,-85.0
246,-196.0,-121.0
247,-100.0,-95.0
248,-85.0,-99.0
249,-161.0,-95.0
250,-143.0,-80.0
251,-100.0,-93.0
252,-137.0,-103.0
253,-105.0,-125.0
254,-122.0,-86.0
255,-148.0,-92.0
256,-93.0,-83.0
257,-168.0,-94.0
258,-119.0,-99.0
259,-107.0,-104.0
260,-96.0,-92.0
261,-128.0,-90.0
262,-107.0,-85.0
263,-101.0,-112.0
264,-82.0,-103.0
265,-113.0,-99.0
266,-98.0,-75.0
267,-91.0,-112.0
268,-90.0,-113.0
269,-100.0,-98.0
270,-113.0,-100.0
271,-149.0,-74.0
272,-138.0,-127.0
273,-99.0,-103.0
274,-93.0,-72.0
275,-125.0,-123.0
276,-101.0,-96.0
277,-92.0,-99.0
278,-117.0,-123.0
279,-99.0,-105.0
280,-134.0,-98.0
281,-122.0,-83.0
282,-127.0,-95.0
283,-111.0,-102.0
284,-124.0,-84.0
285,-176.0,-104.0
286,-122.0,-93.0
287,-136.0,-96.0
288,-142.0,-108.0
289,-118.0,-118.0
290,-110.0,-135.0
291,-105.0,-90.0
292,-113.0,-72.0
293,-160.0,-71.0
294,-88.0,-103.0
295,-83.0,-86.0
296,-108.0,-129.0
297,-113.0,-100.0
298,-114.0,-78.0
299,-138.0,-123.0
300,-83.0,-108.0
301,-116.0,-150.0
302,-132.0,-104.0
303,-116.0,-118.0
304,-105.0,-94.0
305,-137.0,-88.0
306,-169.0,-128.0
307,-145.0,-85.0
308,-100.0,-80.0
309,-127.0,-98.0
310,-135.0,-90.0
311,-105.0,-78.0
312,-103.0,-109.0
313,-100.0,-94.0
314,-76.0,-90.0
315,-137.0,-119.0
316,-119.0,-86.0
317,-258.0,-120.0
318,-282.0,-90.0
319,-127.0,-101.0
320,-90.0,-102.0
321,-85.0,-92.0
322,-97.0,-125.0
323,-172.0,-89.0
324,-168.0,-114.0
325,-98.0,-94.0
326,-98.0,-119.0
327,-113.0,-99.0
328,-99.0,-108.0
329,-180.0,-102.0
330,-145.0,-119.0
331,-106.0,-76.0
332,-179.0,-126.0
333,-132.0,-100.0
334,-109.0,-79.0
335,-145.0,-106.0
336,-81.0,-75.0
337,-82.0,-100.0
338,-119.0,-111.0
339,-136.0,-100.0
340,-103.0,-99.0
341,-109.0,-83.0
342,-112.0,-84.0
343,-145.0,-93.0
344,-87.0,-117.0
345,-185.0,-75.0
346,-109.0,-101.0
347,-121.0,-86.0
348,-107.0,-113.0
349,-80.0,-104.0
350,-182.0,-85.0
351,-102.0,-100.0
352,-116.0,-104.0
353,-165.0,-102.0
354,-110.0,-94.0
355,-101.0,-91.0
356,-75.0,-92.0
357,-86.0,-93.0
358,-136.0,-107.0
359,-99.0,-122.0
360,-87.0,-103.0
361,-104.0,-77.0
362,-108.0,-88.0
363,-96.0,-100.0
364,-96.0,-95.0
365,-106.0,-102.0
366,-112.0,-110.0
367,-70.0,-99.0
368,-86.0,-93.0
369,-84.0,-92.0
370,-99.0,-138.0
371,-82.0,-139.0
372,-96.0,-102.0
373,-107.0,-187.0
374,-131.0,-79.0
375,-109.0,-72.0
376,-115.0,-75.0
377,-106.0,-83.0
378,-168.0,-99.0
379,-115.0,-87.0
380,-89.0,-103.0
381,-128.0,-106.0
382,-111.0,-77.0
383,-113.0,-94.0
384,-89.0,-114.0
385,-95.0,-77.0
386,-211.0,-91.0
387,-97.0,-109.0
388,-89.0,-105.0
389,-134.0,-110.0
390,-109.0,-114.0
391,-83.0,-105.0
392,-114.0,-99.0
393,-97.0,-72.0
394,-81.0,-85.0
395,-124.0,-119.0
396,-105.0,-115.0
397,-104.0,-103.0
398,-74.0,-92.0
399,-140.0,-89.0
400,-99.0,-71.0
401,-110.0,-118.0
402,-126.0,-102.0
403,-136.0,-99.0
404,-109.0,-105.0
405,-74.0,-71.0
406,-87.0,-124.0
407,-108.0,-118.0
408,-105.0,-122.0
409,-92.0,-85.0
410,-102.0,-72.0
411,-104.0,-106.0
412,-126.0,-105.0
413,-137.0,-117.0
414,-82.0,-110.0
415,-147.0,-84.0
416,-168.0,-126.0
417,-74.0,-85.0
418,-158.0,-104.0
419,-109.0,-99.0
420,-108.0,-107.0
421,-110.0,-98.0
422,-105.0,-94.0
423,-85.0,-94.0
424,-115.0,-119.0
425,-91.0,-92.0
426,-137.0,-112.0
427,-102.0,-108.0
428,-117.0,-117.0
429,-88.0,-92.0
430,-104.0,-103.0
431,-130.0,-136.0
432,-135.0,-72.0
433,-76.0,-125.0
434,-115.0,-72.0
435,-138.0,-94.0
436,-95.0,-111.0
437,-95.0,-105.0
438,-101.0,-102.0
439,-96.0,-99.0
440,-95.0,-76.0
441,-121.0,-109.0
442,-107.0,-78.0
443,-126.0,-123.0
444,-124.0,-95.0
445,-125.0,-137.0
446,-90.0,-103.0
447,-74.0,-100.0
448,-82.0,-112.0
449,-161.0,-104.0
450,-123.0,-96.0
451,-103.0,-83.0
452,-82.0,-85.0
453,-176.0,-96.0
454,-88.0,-100.0
455,-81.0,-110.0
456,-132.0,-98.0
457,-163.0,-93.0
458,-82.0,-75.0
459,-112.0,-92.0
460,-102.0,-101.0
461,-81.0,-139.0
462,-98.0,-100.0
463,-120.0,-125.0
464,-116.0,-100.0
465,-107.0,-150.0
466,-92.0,-92.0
467,-101.0,-105.0
468,-129.0,-99.0
469,-122.0,-92.0
470,-127.0,-77.0
471,-107.0,-71.0
472,-101.0,-100.0
473,-254.0,-84.0
474,-127.0,-100.0
475,-114.0,-120.0
476,-118.0,-107.0
477,-111.0,-102.0
478,-110.0,-100.0
479,-111.0,-117.0
480,-81.0,-100.0
481,-225.0,-112.0
482,-78.0,-102.0
483,-79.0,-71.0
484,-112.0,-98.0
485,-147.0,-104.0
486,-134.0,-115.0
487,-102.0,-98.0
488,-120.0,-172.0
489,-144.0,-84.0
490,-108.0,-103.0
491,-112.0,-77.0
492,-167.0,-100.0
493,-106.0,-81.0
494,-118.0,-111.0
495,-73.0,-100.0
496,-79.0,-95.0
497,-83.0,-111.0
498,-115.0,-124.0
499,-112.0,-109.0
500,-81.0,-101.0
501,-115.0,-110.0
502,-80.0,-77.0
503,-110.0,-94.0
504,-104.0,-108.0
505,-162.0,-85.0
506,-123.0,-103.0
507,-147.0,-118.0
508,-162.0,-77.0
509,-135.0,-93.0
510,-128.0,-102.0
511,-87.0,-103.0
512,-107.0,-95.0
513,-93.0,-92.0
514,-118.0,-77.0
515,-80.0,-83.0
516,-113.0,-102.0
517,-111.0,-102.0
518,-73.0,-100.0
519,-124.0,-75.0
520,-126.0,-72.0
521,-103.0,-119.0
522,-80.0,-103.0
523,-67.0,-93.0
524,-114.0,-95.0
525,-85.0,-180.0
526,-121.0,-107.0
527,-118.0,-113.0
528,-98.0,-107.0
529,-91.0,-118.0
530,-72.0,-103.0
531,-81.0,-113.0
532,-106.0,-102.0
533,-121.0,-77.0
534,-109.0,-129.0
535,-89.0,-102.0
536,-113.0,-101.0
537,-110.0,-100.0
538,-128.0,-141.0
539,-104.0,-99.0
540,-161.0,-93.0
541,-93.0,-107.0
542,-87.0,-85.0
543,-72.0,-107.0
544,-146.0,-96.0
545,-98.0,-86.0
546,-99.0,-113.0
547,-67.0,-112.0
548,-95.0,-86.0
549,-143.0,-92.0
550,-71.0,-107.0
551,-78.0,-88.0
552,-86.0,-147.0
553,-133.0,-112.0
554,-115.0,-118.0
555,-156.0,-98.0
556,-109.0,-98.0
557,-122.0,-88.0
558,-96.0,-100.0
559,-105.0,-83.0
560,-121.0,-77.0
561,-73.0,-105.0
562,-96.0,-85.0
563,-102.0,-100.0
564,-81.0,-98.0
565,-108.0,-104.0
566,-117.0,-309.0
567,-109.0,-107.0
568,-88.0,-99.0
569,-123.0,-95.0
570,-155.0,-99.0
571,-108.0,-117.0
572,-185.0,-71.0
573,-101.0,-112.0
574,-104.0,-84.0
575,-80.0,-145.0
576,-126.0,-113.0
577,-71.0,-138.0
578,-113.0,-75.0
579,-78.0,-82.0
580,-124.0,-105.0
581,-72.0,-115.0
582,-119.0,-110.0
583,-78.0,-125.0
584,-112.0,-134.0
585,-109.0,-110.0
586,-130.0,-102.0
587,-99.0,-86.0
588,-126.0,-84.0
589,-89.0,-94.0
590,-109.0,-175.0
591,-91.0,-84.0
592,-107.0,-94.0
593,-108.0,-100.0
594,-110.0,-93.0
595,-108.0,-106.0
596,-113.0,-116.0
597,-120.0,-98.0
598,-145.0,-109.0
599,-107.0,-118.0
600,-111.0,-102.0
601,-72.0,-98.0
602,-88.0,-83.0
603,-91.0,-85.0
604,-118.0,-93.0
605,-114.0,-102.0
606,-168.0,-75.0
607,-111.0,-103.0
608,-103.0,-91.0
609,-122.0,-95.0
610,-104.0,-116.0
611,-108.0,-101.0
612,-114.0,-104.0
613,-106.0,-98.0
614,-97.0,-106.0
615,-108.0,-78.0
616,-117.0,-143.0
617,-79.0,-75.0
618,-106.0,-96.0
619,-129.0,-111.0
620,-149.0,-100.0
621,-84.0,-97.0
622,-98.0,-111.0
623,-116.0,-100.0
624,-131.0,-114.0
625,-93.0,-94.0
626,-102.0,-426.0
627,-103.0,-99.0
628,-116.0,-83.0
629,-93.0,-106.0
630,-106.0,-87.0
631,-97.0,-93.0
632,-107.0,-91.0
633,-78.0,-104.0
634,-108.0,-92.0
635,-73.0,-128.0
636,-99.0,-105.0
637,-95.0,-72.0
638,-97.0,-100.0
639,-104.0,-96.0
640,-95.0,-103.0
641,-84.0,-104.0
642,-86.0,-133.0
643,-137.0,-95.0
644,-85.0,-131.0
645,-96.0,-120.0
646,-83.0,-87.0
647,-74.0,-94.0
648,-69.0,-117.0
649,-106.0,-92.0
650,-85.0,-100.0
651,-93.0,-99.0
652,-86.0,-85.0
653,-110.0,-100.0
654,-120.0,-77.0
655,-88.0,-144.0
656,-99.0,-113.0
657,-99.0,-98.0
658,-96.0,-123.0
659,-91.0,-102.0
660,-74.0,-83.0
661,-113.0,-92.0
662,-87.0,-95.0
663,-116.0,-93.0
664,-107.0,-106.0
665,-75.0,-96.0
666,-106.0,-75.0
667,-112.0,-100.0
668,-85.0,-90.0
669,-87.0,-93.0
670,-86.0,-93.0
671,-124.0,-103.0
672,-90.0,-136.0
673,-121.0,-92.0
674,-74.0,-122.0
675,-89.0,-95.0
676,-66.0,-95.0
677,-85.0,-104.0
678,-66.0,-82.0
679,-319.0,-92.0
680,-84.0,-122.0
681,-104.0,-106.0
682,-121.0,-96.0
683,-83.0,-86.0
684,-100.0,-98.0
685,-103.0,-120.0
686,-79.0,-108.0
687,-102.0,-89.0
688,-93.0,-99.0
689,-77.0,-103.0
690,-103.0,-84.0
691,-95.0,-115.0
692,-105.0,-114.0
693,-84.0,-98.0
694,-107.0,-105.0
695,-118.0,-103.0
696,-105.0,-111.0
697,-115.0,-121.0
698,-89.0,-79.0
699,-105.0,-87.0
700,-108.0,-94.0
701,-131.0,-110.0
702,-97.0,-85.0
703,-110.0,-125.0
704,-78.0,-94.0
705,-108.0,-99.0
706,-116.0,-122.0
707,-114.0,-137.0
708,-111.0,-101.0
709,-108.0,-77.0
710,-135.0,-74.0
711,-117.0,-103.0
712,-103.0,-106.0
713,-113.0,-96.0
714,-86.0,-91.0
715,-124.0,-75.0
716,-129.0,-103.0
717,-163.0,-72.0
718,-121.0,-92.0
719,-77.0,-92.0
720,-113.0,-133.0
721,-110.0,-79.0
722,-121.0,-100.0
723,-102.0,-104.0
724,-106.0,-99.0
725,-92.0,-99.0
726,-107.0,-97.0
727,-79.0,-86.0
728,-89.0,-108.0
729,-78.0,-103.0
730,-139.0,-99.0
731,-88.0,-133.0
732,-93.0,-186.0
733,-125.0,-105.0
734,-88.0,-124.0
735,-77.0,-104.0
736,-92.0,-100.0
737,-86.0,-122.0
738,-106.0,-93.0
739,-86.0,-78.0
740,-160.0,-100.0
741,-93.0,-107.0
742,-96.0,-77.0
743,-105.0,-113.0
744,-108.0,-98.0
745,-102.0,-99.0
746,-87.0,-72.0
747,-134.0,-104.0
748,-104.0,-106.0
749,-110.0,-157.0
750,-89.0,-95.0
751,-77.0,-93.0
752,-105.0,-115.0
753,-90.0,-93.0
754,-99.0,-104.0
755,-118.0,-105.0
756,-105.0,-79.0
757,-86.0,-91.0
758,-77.0,-133.0
759,-89.0,-95.0
760,-95.0,-99.0
761,-107.0,-111.0
762,-106.0,-113.0
763,-100.0,-214.0
764,-100.0,-107.0
765,-86.0,-124.0
766,-94.0,-108.0
767,-76.0,-100.0
768,-129.0,-93.0
769,-76.0,-85.0
770,-129.0,-115.0
771,-108.0,-111.0
772,-80.0,-84.0
773,-106.0,-94.0
774,-78.0,-97.0
775,-122.0,-90.0
776,-76.0,-100.0
777,-109.0,-75.0
778,-92.0,-105.0
779,-109.0,-99.0
780,-167.0,-85.0
781,-78.0,-100.0
782,-96.0,-99.0
783,-111.0,-85.0
784,-127.0,-72.0
785,-97.0,-92.0
786,-84.0,-100.0
787,-133.0,-83.0
788,-91.0,-98.0
789,-125.0,-98.0
790,-84.0,-84.0
791,-89.0,-101.0
792,-124.0,-85.0
793,-148.0,-103.0
794,-132.0,-106.0
795,-104.0,-93.0
796,-132.0,-95.0
797,-117.0,-127.0
798,-85.0,-123.0
799,-73.0,-94.0
800,-70.0,-94.0
801,-77.0,-92.0
802,-137.0,-176.0
803,-90.0,-92.0
804,-146.0,-113.0
805,-104.0,-110.0
806,-129.0,-116.0
807,-108.0,-84.0
808,-77.0,-84.0
809,-123.0,-113.0
810,-92.0,-125.0
811,-120.0,-72.0
812,-122.0,-83.0
813,-72.0,-90.0
814,-98.0,-119.0
815,-96.0,-100.0
816,-87.0,-111.0
817,-103.0,-101.0
818,-105.0,-104.0
819,-83.0,-87.0
820,-125.0,-111.0
821,-77.0,-85.0
822,-94.0,-107.0
823,-92.0,-93.0
824,-109.0,-113.0
825,-92.0,-104.0
826,-104.0,-134.0
827,-106.0,-92.0
828,-119.0,-176.0
829,-96.0,-83.0
830,-105.0,-104.0
831,-102.0,-124.0
832,-116.0,-114.0
833,-114.0,-105.0
834,-98.0,-75.0
835,-76.0,-103.0
836,-104.0,-109.0
837,-74.0,-113.0
838,-118.0,-117.0
839,-87.0,-116.0
840,-86.0,-100.0
841,-83.0,-98.0
842,-96.0,-106.0
843,-91.0,-100.0
844,-80.0,-77.0
845,-73.0,-98.0
846,-87.0,-77.0
847,-92.0,-98.0
848,-70.0,-85.0
849,-161.0,-99.0
850,-73.0,-98.0
851,-118.0,-107.0
852,-162.0,-85.0
853,-92.0,-106.0
854,-119.0,-86.0
855,-76.0,-85.0
856,-121.0,-125.0
857,-105.0,-78.0
858,-103.0,-109.0
859,-97.0,-122.0
860,-94.0,-89.0
861,-74.0,-103.0
862,-77.0,-85.0
863,-75.0,-126.0
864,-99.0,-72.0
865,-110.0,-75.0
866,-103.0,-72.0
867,-82.0,-74.0
868,-104.0,-165.0
869,-71.0,-72.0
870,-106.0,-99.0
871,-108.0,-132.0
872,-93.0,-83.0
873,-77.0,-114.0
874,-76.0,-97.0
875,-90.0,-107.0
876,-88.0,-98.0
877,-302.0,-84.0
878,-109.0,-138.0
879,-116.0,-75.0
880,-84.0,-104.0
881,-87.0,-121.0
882,-92.0,-100.0
883,-80.0,-103.0
884,-88.0,-94.0
885,-107.0,-105.0
886,-101.0,-78.0
887,-112.0,-85.0
888,-98.0,-116.0
889,-115.0,-105.0
890,-94.0,-75.0
891,-123.0,-119.0
892,-125.0,-79.0
893,-113.0,-74.0
894,-88.0,-94.0
895,-105.0,-95.0
896,-119.0,-118.0
897,-100.0,-169.0
898,-90.0,-104.0
899,-101.0,-72.0
900,-100.0,-85.0
901,-87.0,-111.0
902,-98.0,-86.0
903,-100.0,-80.0
904,-77.0,-100.0
905,-72.0,-86.0
906,-110.0,-93.0
907,-74.0,-83.0
908,-160.0,-193.0
909,-103.0,-83.0
910,-118.0,-79.0
911,-100.0,-93.0
912,-72.0,-93.0
913,-153.0,-86.0
914,-84.0,-110.0
915,-150.0,-103.0
916,-81.0,-96.0
917,-83.0,-88.0
918,-88.0,-84.0
919,-121.0,-91.0
920,-85.0,-125.0
921,-115.0,-106.0
922,-94.0,-100.0
923,-76.0,-105.0
924,-105.0,-126.0
925,-103.0,-84.0
926,-89.0,-94.0
927,-93.0,-104.0
928,-107.0,-99.0
929,-80.0,-93.0
930,-99.0,-139.0
931,-77.0,-83.0
932,-115.0,-71.0
933,-91.0,-105.0
934,-77.0,-76.0
935,-119.0,-85.0
936,-124.0,-87.0
937,-124.0,-98.0
938,-92.0,-109.0
939,-111.0,-93.0
940,-96.0,-81.0
941,-85.0,-89.0
942,-132.0,-85.0
943,-103.0,-101.0
944,-97.0,-85.0
945,-116.0,-99.0
946,-77.0,-92.0
947,-114.0,-90.0
948,-95.0,-106.0
949,-94.0,-90.0
950,-104.0,-100.0
951,-111.0,-110.0
952,-112.0,-94.0
953,-100.0,-101.0
954,-108.0,-85.0
955,-85.0,-93.0
956,-78.0,-94.0
957,-78.0,-90.0
958,-85.0,-107.0
959,-101.0,-106.0
960,-75.0,-119.0
961,-112.0,-93.0
962,-92.0,-119.0
963,-87.0,-94.0
964,-140.0,-72.0
965,-112.0,-100.0
966,-87.0,-91.0
967,-102.0,-85.0
968,-125.0,-95.0
969,-94.0,-91.0
970,-75.0,-92.0
971,-101.0,-112.0
972,-105.0,-92.0
973,-93.0,-92.0
974,-86.0,-96.0
975,-95.0,-108.0
976,-79.0,-77.0
977,-236.0,-86.0
978,-121.0,-83.0
979,-101.0,-100.0
980,-99.0,-108.0
981,-82.0,-103.0
982,-74.0,-128.0
983,-115.0,-74.0
984,-113.0,-115.0
985,-97.0,-76.0
986,-73.0,-81.0
987,-88.0,-98.0
988,-103.0,-85.0
989,-87.0,-84.0
990,-80.0,-98.0
991,-85.0,-96.0
992,-110.0,-113.0
993,-104.0,-91.0
994,-107.0,-215.0
995,-100.0,-104.0
996,-102.0,-79.0
997,-147.0,-120.0
998,-97.0,-91.0
999,-105.0,-141.0
