,train,test
0,55.0,4001.0
1,46.0,4001.0
2,63.0,4001.0
3,20.0,4001.0
4,18.0,4001.0
5,19.0,4001.0
6,23.0,4001.0
7,14.0,4001.0
8,19.0,4001.0
9,16.0,4001.0
10,14.0,4001.0
11,17.0,4001.0
12,15.0,4001.0
13,20.0,4001.0
14,17.0,4001.0
15,15.0,4001.0
16,18.0,4001.0
17,17.0,4001.0
18,14.0,4001.0
19,14.0,4001.0
20,13.0,4001.0
21,10.0,4001.0
22,14.0,4001.0
23,10.0,4001.0
24,9.0,4001.0
25,9.0,4001.0
26,11.0,4001.0
27,8.0,4001.0
28,10.0,4001.0
29,9.0,4001.0
30,11.0,4001.0
31,11.0,4001.0
32,9.0,4001.0
33,12.0,4001.0
34,8.0,4001.0
35,10.0,4001.0
36,8.0,4001.0
37,10.0,4001.0
38,11.0,4001.0
39,11.0,4001.0
40,10.0,4001.0
41,10.0,4001.0
42,10.0,4001.0
43,8.0,4001.0
44,12.0,4001.0
45,9.0,4001.0
46,12.0,4001.0
47,10.0,4001.0
48,10.0,4001.0
49,9.0,4001.0
50,10.0,4001.0
51,9.0,4001.0
52,10.0,4001.0
53,8.0,4001.0
54,11.0,4001.0
55,10.0,4001.0
56,10.0,4001.0
57,8.0,4001.0
58,12.0,4001.0
59,10.0,4001.0
60,10.0,4001.0
61,10.0,4001.0
62,10.0,4001.0
63,9.0,4001.0
64,8.0,4001.0
65,9.0,4001.0
66,10.0,4001.0
67,10.0,4001.0
68,8.0,4001.0
69,9.0,4001.0
70,12.0,4001.0
71,10.0,4001.0
72,9.0,4001.0
73,10.0,4001.0
74,9.0,4001.0
75,8.0,4001.0
76,9.0,4001.0
77,8.0,4001.0
78,10.0,4001.0
79,9.0,4001.0
80,8.0,4001.0
81,9.0,4001.0
82,9.0,4001.0
83,10.0,4001.0
84,9.0,4001.0
85,10.0,4001.0
86,10.0,4001.0
87,11.0,4001.0
88,10.0,4001.0
89,8.0,4001.0
90,8.0,4001.0
91,8.0,4001.0
92,9.0,4001.0
93,9.0,4001.0
94,9.0,4001.0
95,9.0,4001.0
96,9.0,4001.0
97,9.0,4001.0
98,9.0,4001.0
99,10.0,4001.0
100,9.0,4001.0
101,10.0,4001.0
102,9.0,4001.0
103,9.0,4001.0
104,9.0,4001.0
105,10.0,4001.0
106,9.0,4001.0
107,9.0,4001.0
108,10.0,4001.0
109,9.0,4001.0
110,9.0,4001.0
111,9.0,4001.0
112,10.0,4001.0
113,10.0,4001.0
114,9.0,4001.0
115,10.0,4001.0
116,10.0,4001.0
117,10.0,4001.0
118,10.0,4001.0
119,9.0,4001.0
120,11.0,4001.0
121,10.0,4001.0
122,9.0,4001.0
123,9.0,4001.0
124,10.0,4001.0
125,10.0,4001.0
126,11.0,4001.0
127,9.0,4001.0
128,10.0,4001.0
129,9.0,4001.0
130,10.0,4001.0
131,10.0,4001.0
132,11.0,4001.0
133,14.0,4001.0
134,12.0,4001.0
135,10.0,4001.0
136,10.0,4001.0
137,10.0,4001.0
138,11.0,4001.0
139,15.0,4001.0
140,11.0,4001.0
141,19.0,4001.0
142,13.0,4001.0
143,20.0,4001.0
144,22.0,4001.0
145,35.0,4001.0
146,52.0,4001.0
147,14.0,4001.0
148,10.0,4001.0
149,11.0,4001.0
150,9.0,4001.0
151,9.0,4001.0
152,9.0,4001.0
153,8.0,4001.0
154,9.0,4001.0
155,10.0,4001.0
156,10.0,4001.0
157,11.0,4001.0
158,37.0,4001.0
159,14.0,4001.0
160,15.0,4001.0
161,22.0,4001.0
162,16.0,4001.0
163,10.0,4001.0
164,15.0,4001.0
165,12.0,4001.0
166,15.0,4001.0
167,26.0,4001.0
168,23.0,4001.0
169,14.0,4001.0
170,10.0,4001.0
171,10.0,4001.0
172,10.0,4001.0
173,14.0,4001.0
174,9.0,4001.0
175,12.0,4001.0
176,8.0,4001.0
177,9.0,4001.0
178,9.0,4001.0
179,9.0,4001.0
180,8.0,4001.0
181,10.0,4001.0
182,9.0,4001.0
183,8.0,4001.0
184,9.0,4001.0
185,8.0,4001.0
186,8.0,4001.0
187,9.0,4001.0
188,10.0,4001.0
189,9.0,4001.0
190,9.0,4001.0
191,10.0,4001.0
192,11.0,4001.0
193,9.0,4001.0
194,14.0,4001.0
195,13.0,4001.0
196,12.0,4001.0
197,13.0,4001.0
198,14.0,4001.0
199,15.0,4001.0
200,12.0,4001.0
201,10.0,4001.0
202,11.0,4001.0
203,11.0,4001.0
204,11.0,4001.0
205,12.0,4001.0
206,12.0,4001.0
207,11.0,4001.0
208,10.0,4001.0
209,10.0,4001.0
210,14.0,4001.0
211,13.0,4001.0
212,17.0,4001.0
213,19.0,4001.0
214,22.0,4001.0
215,19.0,4001.0
216,29.0,4001.0
217,28.0,4001.0
218,38.0,4001.0
219,60.0,4001.0
220,82.0,4001.0
221,55.0,4001.0
222,37.0,4001.0
223,40.0,4001.0
224,40.0,4001.0
225,27.0,4001.0
226,42.0,4001.0
227,54.0,4001.0
228,36.0,4001.0
229,29.0,4001.0
230,32.0,4001.0
231,30.0,4001.0
232,34.0,4001.0
233,43.0,4001.0
234,42.0,4001.0
235,60.0,4001.0
236,48.0,4001.0
237,31.0,4001.0
238,39.0,4001.0
239,79.0,4001.0
240,51.0,4001.0
241,44.0,4001.0
242,48.0,4001.0
243,56.0,4001.0
244,97.0,4001.0
245,51.0,4001.0
246,94.0,4001.0
247,77.0,4001.0
248,114.0,4001.0
249,54.0,4001.0
250,141.0,4001.0
251,81.0,4001.0
252,89.0,4001.0
253,56.0,4001.0
254,77.0,4001.0
255,66.0,4001.0
256,72.0,4001.0
257,104.0,4001.0
258,52.0,4001.0
259,54.0,4001.0
260,90.0,4001.0
261,57.0,4001.0
262,90.0,4001.0
263,120.0,4001.0
264,140.0,4001.0
265,102.0,4001.0
266,161.0,4001.0
267,141.0,4001.0
268,77.0,4001.0
269,84.0,4001.0
270,168.0,4001.0
271,91.0,4001.0
272,93.0,4001.0
273,91.0,4001.0
274,93.0,4001.0
275,72.0,4001.0
276,75.0,4001.0
277,153.0,4001.0
278,246.0,4001.0
279,258.0,4001.0
280,293.0,4001.0
281,168.0,4001.0
282,122.0,4001.0
283,101.0,4001.0
284,165.0,4001.0
285,103.0,4001.0
286,118.0,4001.0
287,362.0,4001.0
288,120.0,4001.0
289,891.0,4001.0
290,933.0,4001.0
291,266.0,4001.0
292,206.0,4001.0
293,453.0,4001.0
294,285.0,4001.0
295,118.0,4001.0
296,161.0,4001.0
297,95.0,4001.0
298,122.0,4001.0
299,178.0,4001.0
300,457.0,4001.0
301,394.0,4001.0
302,187.0,4001.0
303,741.0,4001.0
304,243.0,4001.0
305,176.0,4001.0
306,346.0,4001.0
307,216.0,4001.0
308,537.0,4001.0
309,490.0,4001.0
310,341.0,4001.0
311,146.0,4001.0
312,125.0,4001.0
313,125.0,4001.0
314,115.0,4001.0
315,422.0,4001.0
316,167.0,4001.0
317,157.0,4001.0
318,304.0,4001.0
319,126.0,4001.0
320,187.0,4001.0
321,98.0,4001.0
322,167.0,4001.0
323,124.0,4001.0
324,497.0,4001.0
325,147.0,4001.0
326,154.0,4001.0
327,939.0,4001.0
328,150.0,4001.0
329,977.0,4001.0
330,374.0,4001.0
331,153.0,4001.0
332,622.0,4001.0
333,162.0,4001.0
334,821.0,4001.0
335,1565.0,4001.0
336,3971.0,4001.0
337,428.0,4001.0
338,509.0,4001.0
339,445.0,4001.0
340,4000.0,4001.0
341,4000.0,4001.0
342,4000.0,4001.0
343,4000.0,4001.0
344,4000.0,4001.0
345,239.0,4001.0
346,4000.0,4001.0
347,4000.0,4001.0
348,4000.0,4001.0
349,4000.0,4001.0
350,127.0,4001.0
351,85.0,4001.0
352,4000.0,4001.0
353,11.0,4001.0
354,9.0,4001.0
355,10.0,4001.0
356,10.0,4001.0
357,10.0,4001.0
358,10.0,4001.0
359,10.0,4001.0
360,9.0,4001.0
361,11.0,4001.0
362,11.0,4001.0
363,10.0,4001.0
364,10.0,4001.0
365,10.0,4001.0
366,11.0,4001.0
367,11.0,4001.0
368,11.0,4001.0
369,529.0,4001.0
370,8.0,4001.0
371,9.0,4001.0
372,10.0,4001.0
373,9.0,4001.0
374,10.0,4001.0
375,8.0,4001.0
376,10.0,4001.0
377,8.0,4001.0
378,9.0,4001.0
379,10.0,4001.0
380,9.0,4001.0
381,10.0,4001.0
382,10.0,4001.0
383,9.0,4001.0
384,9.0,4001.0
385,8.0,4001.0
386,9.0,4001.0
387,11.0,4001.0
388,9.0,4001.0
389,9.0,4001.0
390,8.0,4001.0
391,10.0,4001.0
392,10.0,4001.0
393,8.0,4001.0
394,9.0,4001.0
395,9.0,4001.0
396,9.0,4001.0
397,10.0,4001.0
398,9.0,4001.0
399,10.0,4001.0
400,10.0,4001.0
401,9.0,4001.0
402,10.0,4001.0
403,10.0,4001.0
404,11.0,4001.0
405,11.0,4001.0
406,4000.0,4001.0
407,4000.0,4001.0
408,4000.0,4001.0
409,1766.0,4001.0
410,1154.0,4001.0
411,774.0,4001.0
412,714.0,4001.0
413,622.0,4001.0
414,573.0,4001.0
415,506.0,4001.0
416,438.0,4001.0
417,414.0,4001.0
418,395.0,4001.0
419,370.0,4001.0
420,363.0,4001.0
421,332.0,4001.0
422,327.0,4001.0
423,308.0,4001.0
424,297.0,4001.0
425,281.0,4001.0
426,270.0,4001.0
427,275.0,4001.0
428,260.0,4001.0
429,253.0,4001.0
430,258.0,4001.0
431,239.0,4001.0
432,240.0,4001.0
433,257.0,4001.0
434,280.0,4001.0
435,261.0,4001.0
436,263.0,4001.0
437,68.0,4001.0
438,48.0,4001.0
439,260.0,4001.0
440,50.0,4001.0
441,330.0,4001.0
442,319.0,4001.0
443,55.0,4001.0
444,418.0,4001.0
445,142.0,4001.0
446,316.0,4001.0
447,266.0,4001.0
448,290.0,4001.0
449,266.0,4001.0
450,263.0,4001.0
451,228.0,4001.0
452,367.0,4001.0
453,325.0,4001.0
454,321.0,4001.0
455,305.0,4001.0
456,288.0,4001.0
457,286.0,4001.0
458,366.0,4001.0
459,442.0,4001.0
460,351.0,4001.0
461,321.0,4001.0
462,353.0,4001.0
463,371.0,4001.0
464,383.0,4001.0
465,409.0,4001.0
466,350.0,4001.0
467,334.0,4001.0
468,344.0,4001.0
469,341.0,4001.0
470,348.0,4001.0
471,398.0,4001.0
472,374.0,4001.0
473,362.0,4001.0
474,381.0,4001.0
475,342.0,4001.0
476,378.0,4001.0
477,344.0,4001.0
478,383.0,4001.0
479,352.0,4001.0
480,330.0,4001.0
481,344.0,4001.0
482,355.0,4001.0
483,360.0,4001.0
484,341.0,4001.0
485,398.0,4001.0
486,361.0,4001.0
487,395.0,4001.0
488,355.0,4001.0
489,458.0,4001.0
490,404.0,4001.0
491,410.0,4001.0
492,450.0,4001.0
493,407.0,4001.0
494,810.0,4001.0
495,534.0,4001.0
496,474.0,4001.0
497,452.0,4001.0
498,447.0,4001.0
499,958.0,4001.0
500,1298.0,4001.0
501,665.0,4001.0
502,954.0,4001.0
503,404.0,4001.0
504,624.0,4001.0
505,1160.0,4001.0
506,559.0,4001.0
507,661.0,4001.0
508,621.0,4001.0
509,559.0,4001.0
510,720.0,4001.0
511,755.0,4001.0
512,1928.0,4001.0
513,515.0,4001.0
514,573.0,4001.0
515,559.0,4001.0
516,541.0,4001.0
517,566.0,4001.0
518,621.0,4001.0
519,554.0,4001.0
520,652.0,4001.0
521,547.0,4001.0
522,528.0,4001.0
523,622.0,4001.0
524,792.0,4001.0
525,686.0,4001.0
526,930.0,4001.0
527,750.0,4001.0
528,719.0,4001.0
529,804.0,4001.0
530,756.0,4001.0
531,758.0,4001.0
532,753.0,4001.0
533,954.0,4001.0
534,790.0,4001.0
535,1182.0,4001.0
536,776.0,4001.0
537,628.0,4001.0
538,731.0,4001.0
539,710.0,4001.0
540,832.0,4001.0
541,1888.0,4001.0
542,649.0,4001.0
543,655.0,4001.0
544,767.0,4001.0
545,828.0,4001.0
546,598.0,4001.0
547,9.0,4001.0
548,8.0,4001.0
549,9.0,4001.0
550,9.0,4001.0
551,8.0,4001.0
552,9.0,4001.0
553,11.0,4001.0
554,657.0,4001.0
555,331.0,4001.0
556,9.0,4001.0
557,10.0,4001.0
558,10.0,4001.0
559,10.0,4001.0
560,11.0,4001.0
561,11.0,4001.0
562,9.0,4001.0
563,9.0,4001.0
564,10.0,4001.0
565,9.0,4001.0
566,10.0,4001.0
567,10.0,4001.0
568,9.0,4001.0
569,11.0,4001.0
570,10.0,4001.0
571,11.0,4001.0
572,11.0,4001.0
573,10.0,4001.0
574,11.0,4001.0
575,12.0,4001.0
576,15.0,4001.0
577,1331.0,4001.0
578,12.0,4001.0
579,12.0,4001.0
580,9.0,4001.0
581,11.0,4001.0
582,10.0,4001.0
583,9.0,4001.0
584,9.0,4001.0
585,11.0,4001.0
586,11.0,4001.0
587,11.0,4001.0
588,10.0,4001.0
589,10.0,4001.0
590,10.0,4001.0
591,11.0,4001.0
592,11.0,4001.0
593,11.0,4001.0
594,11.0,4001.0
595,10.0,4001.0
596,11.0,4001.0
597,2601.0,4001.0
598,1259.0,4001.0
599,1005.0,4001.0
600,685.0,4001.0
601,541.0,4001.0
602,707.0,4001.0
603,631.0,4001.0
604,566.0,4001.0
605,677.0,4001.0
606,564.0,4001.0
607,609.0,4001.0
608,545.0,4001.0
609,524.0,4001.0
610,736.0,4001.0
611,584.0,4001.0
612,549.0,4001.0
613,546.0,4001.0
614,526.0,4001.0
615,540.0,4001.0
616,520.0,4001.0
617,513.0,4001.0
618,567.0,4001.0
619,555.0,4001.0
620,602.0,4001.0
621,582.0,4001.0
622,552.0,4001.0
623,589.0,4001.0
624,842.0,4001.0
625,727.0,4001.0
626,577.0,4001.0
627,624.0,4001.0
628,792.0,4001.0
629,612.0,4001.0
630,575.0,4001.0
631,718.0,4001.0
632,673.0,4001.0
633,692.0,4001.0
634,711.0,4001.0
635,712.0,4001.0
636,655.0,4001.0
637,803.0,4001.0
638,714.0,4001.0
639,645.0,4001.0
640,803.0,4001.0
641,703.0,4001.0
642,705.0,4001.0
643,727.0,4001.0
644,692.0,4001.0
645,794.0,4001.0
646,750.0,4001.0
647,786.0,4001.0
648,763.0,4001.0
649,854.0,4001.0
650,686.0,4001.0
651,740.0,4001.0
652,676.0,4001.0
653,838.0,4001.0
654,719.0,4001.0
655,681.0,4001.0
656,798.0,4001.0
657,782.0,4001.0
658,730.0,4001.0
659,774.0,4001.0
660,880.0,4001.0
661,818.0,4001.0
662,858.0,4001.0
663,719.0,4001.0
664,864.0,4001.0
665,799.0,4001.0
666,846.0,4001.0
667,782.0,4001.0
668,810.0,4001.0
669,708.0,4001.0
670,766.0,4001.0
671,718.0,4001.0
672,770.0,4001.0
673,832.0,4001.0
674,844.0,4001.0
675,803.0,4001.0
676,790.0,4001.0
677,780.0,4001.0
678,847.0,4001.0
679,792.0,4001.0
680,984.0,4001.0
681,906.0,4001.0
682,772.0,4001.0
683,826.0,4001.0
684,838.0,4001.0
685,772.0,4001.0
686,820.0,4001.0
687,884.0,4001.0
688,1022.0,4001.0
689,884.0,4001.0
690,982.0,4001.0
691,890.0,4001.0
692,945.0,4001.0
693,862.0,4001.0
694,902.0,4001.0
695,862.0,4001.0
696,781.0,4001.0
697,834.0,4001.0
698,890.0,4001.0
699,988.0,4001.0
700,838.0,4001.0
701,778.0,4001.0
702,738.0,4001.0
703,846.0,4001.0
704,780.0,4001.0
705,938.0,4001.0
706,826.0,4001.0
707,794.0,4001.0
708,762.0,4001.0
709,778.0,4001.0
710,802.0,4001.0
711,738.0,4001.0
712,831.0,4001.0
713,730.0,4001.0
714,806.0,4001.0
715,812.0,4001.0
716,748.0,4001.0
717,694.0,4001.0
718,784.0,4001.0
719,738.0,4001.0
720,738.0,4001.0
721,694.0,4001.0
722,700.0,4001.0
723,751.0,4001.0
724,735.0,4001.0
725,660.0,4001.0
726,679.0,4001.0
727,705.0,4001.0
728,650.0,4001.0
729,666.0,4001.0
730,734.0,4001.0
731,625.0,4001.0
732,784.0,4001.0
733,698.0,4001.0
734,754.0,4001.0
735,651.0,4001.0
736,717.0,4001.0
737,680.0,4001.0
738,654.0,4001.0
739,726.0,4001.0
740,741.0,4001.0
741,670.0,4001.0
742,768.0,4001.0
743,739.0,4001.0
744,714.0,4001.0
745,732.0,4001.0
746,797.0,4001.0
747,639.0,4001.0
748,649.0,4001.0
749,641.0,4001.0
750,679.0,4001.0
751,668.0,4001.0
752,762.0,4001.0
753,677.0,4001.0
754,705.0,4001.0
755,728.0,4001.0
756,756.0,4001.0
757,729.0,4001.0
758,693.0,4001.0
759,718.0,4001.0
760,626.0,4001.0
761,798.0,4001.0
762,714.0,4001.0
763,751.0,4001.0
764,729.0,4001.0
765,655.0,4001.0
766,759.0,4001.0
767,803.0,4001.0
768,752.0,4001.0
769,756.0,4001.0
770,824.0,4001.0
771,794.0,4001.0
772,785.0,4001.0
773,780.0,4001.0
774,828.0,4001.0
775,734.0,4001.0
776,885.0,4001.0
777,774.0,4001.0
778,1002.0,4001.0
779,786.0,4001.0
780,903.0,4001.0
781,872.0,4001.0
782,1130.0,4001.0
783,948.0,4001.0
784,905.0,4001.0
785,1140.0,4001.0
786,936.0,4001.0
787,1094.0,4001.0
788,862.0,4001.0
789,1047.0,4001.0
790,1320.0,4001.0
791,1262.0,4001.0
792,1548.0,4001.0
793,1157.0,4001.0
794,1176.0,4001.0
795,1155.0,4001.0
796,2052.0,4001.0
797,2524.0,4001.0
798,2784.0,4001.0
799,4000.0,4001.0
800,4000.0,4001.0
801,4000.0,4001.0
802,4000.0,4001.0
803,4000.0,4001.0
804,4000.0,4001.0
805,4000.0,4001.0
806,4000.0,4001.0
807,4000.0,4001.0
808,4000.0,4001.0
809,4000.0,4001.0
810,4000.0,4001.0
811,4000.0,4001.0
812,4000.0,4001.0
813,4000.0,4001.0
814,4000.0,4001.0
815,4000.0,4001.0
816,4000.0,4001.0
817,4000.0,4001.0
818,4000.0,4001.0
819,4000.0,4001.0
820,1278.0,4001.0
821,25.0,4001.0
822,1307.0,4001.0
823,587.0,4001.0
824,558.0,4001.0
825,484.0,4001.0
826,464.0,4001.0
827,633.0,4001.0
828,518.0,4001.0
829,1352.0,4001.0
830,555.0,4001.0
831,766.0,4001.0
832,672.0,4001.0
833,488.0,4001.0
834,561.0,4001.0
835,594.0,4001.0
836,577.0,4001.0
837,528.0,4001.0
838,597.0,4001.0
839,549.0,4001.0
840,700.0,4001.0
841,635.0,4001.0
842,644.0,4001.0
843,622.0,4001.0
844,698.0,4001.0
845,1917.0,4001.0
846,477.0,4001.0
847,408.0,4001.0
848,373.0,4001.0
849,421.0,4001.0
850,1069.0,4001.0
851,613.0,4001.0
852,710.0,4001.0
853,1866.0,4001.0
854,1428.0,4001.0
855,1068.0,4001.0
856,1070.0,4001.0
857,4000.0,4001.0
858,4000.0,4001.0
859,4000.0,4001.0
860,4000.0,4001.0
861,4000.0,4001.0
862,978.0,4001.0
863,4000.0,4001.0
864,4000.0,4001.0
865,4000.0,4001.0
866,2587.0,4001.0
867,524.0,4001.0
868,246.0,4001.0
869,236.0,4001.0
870,176.0,4001.0
871,207.0,4001.0
872,243.0,4001.0
873,240.0,4001.0
874,270.0,4001.0
875,4000.0,4001.0
876,998.0,4001.0
877,372.0,4001.0
878,268.0,4001.0
879,304.0,4001.0
880,301.0,4001.0
881,382.0,4001.0
882,4000.0,4001.0
883,696.0,4001.0
884,32.0,4001.0
885,948.0,4001.0
886,2055.0,4001.0
887,1097.0,4001.0
888,3105.0,4001.0
889,1647.0,4001.0
890,1135.0,4001.0
891,853.0,4001.0
892,765.0,4001.0
893,4000.0,4001.0
894,4000.0,4001.0
895,4000.0,4001.0
896,4000.0,4001.0
897,4000.0,4001.0
898,4000.0,4001.0
899,4000.0,4001.0
900,4000.0,4001.0
901,4000.0,4001.0
902,4000.0,4001.0
903,4000.0,4001.0
904,4000.0,4001.0
905,4000.0,4001.0
906,1314.0,4001.0
907,4000.0,4001.0
908,4000.0,4001.0
909,4000.0,4001.0
910,4000.0,4001.0
911,4000.0,4001.0
912,4000.0,4001.0
913,3220.0,4001.0
914,4000.0,4001.0
915,2619.0,4001.0
916,1194.0,4001.0
917,1061.0,4001.0
918,276.0,4001.0
919,304.0,4001.0
920,2588.0,4001.0
921,932.0,4001.0
922,2887.0,4001.0
923,925.0,4001.0
924,1754.0,4001.0
925,471.0,4001.0
926,3029.0,4001.0
927,768.0,4001.0
928,408.0,4001.0
929,301.0,4001.0
930,360.0,4001.0
931,4000.0,4001.0
932,4000.0,4001.0
933,4000.0,4001.0
934,4000.0,4001.0
935,3301.0,4001.0
936,4000.0,4001.0
937,4000.0,4001.0
938,4000.0,4001.0
939,4000.0,4001.0
940,985.0,4001.0
941,4000.0,4001.0
942,4000.0,4001.0
943,4000.0,4001.0
944,475.0,4001.0
945,4000.0,4001.0
946,4000.0,4001.0
947,4000.0,4001.0
948,4000.0,4001.0
949,4000.0,4001.0
950,1656.0,4001.0
951,245.0,4001.0
952,4000.0,4001.0
953,4000.0,4001.0
954,4000.0,4001.0
955,2926.0,4001.0
956,4000.0,4001.0
957,4000.0,4001.0
958,4000.0,4001.0
959,4000.0,4001.0
960,1804.0,4001.0
961,190.0,4001.0
962,252.0,4001.0
963,203.0,4001.0
964,256.0,4001.0
965,4000.0,4001.0
966,4000.0,4001.0
967,4000.0,4001.0
968,4000.0,4001.0
969,4000.0,4001.0
970,4000.0,4001.0
971,4000.0,4001.0
972,4000.0,4001.0
973,960.0,4001.0
974,358.0,4001.0
975,104.0,4001.0
976,320.0,4001.0
977,880.0,4001.0
978,366.0,4001.0
979,660.0,4001.0
980,16.0,4001.0
981,2322.0,4001.0
982,4000.0,4001.0
983,4000.0,4001.0
984,4000.0,4001.0
985,4000.0,4001.0
986,4000.0,4001.0
987,4000.0,4001.0
988,4000.0,4001.0
989,4000.0,4001.0
990,15.0,4001.0
991,1685.0,4001.0
992,2971.0,4001.0
993,2829.0,4001.0
994,2839.0,4001.0
995,1503.0,4001.0
996,2045.0,4001.0
997,4000.0,4001.0
998,4000.0,4001.0
999,4000.0,4001.0
