,train,test
0,-250.2620249574677,-806.2611735781092
1,-253.37768456738183,-698.7930540859866
2,-72.78151546283952,-857.1013602224431
3,-436.980993767725,-897.1082060371705
4,-146.14361030891752,-777.1679440004651
5,-107.68157327554898,-825.8752941634247
6,-400.96960605469997,-816.0050300682208
7,-135.9927024307773,-926.5763586933543
8,-103.81952441502696,-976.5021241104866
9,-145.5078149607749,-777.5933549059072
10,-70.91566429032355,-942.0030500803808
11,-255.96854200394264,-878.3630748491063
12,-447.2402998137653,-995.9725616435315
13,-68.74080310609905,-851.93807787111
14,-85.70311249384042,-440.2780871187468
15,-25.03285605146884,-806.7768636216877
16,-126.3909596544412,-918.501900456622
17,-77.71935535585202,-858.8773363098486
18,-354.8358800590721,-903.3480210839391
19,-180.79585799099212,-585.1825320159959
20,-463.22977640440297,-848.0578784302267
21,-231.21896022673664,-780.8291128952359
22,-293.58591619071166,-547.1068934357775
23,-74.81142650127228,-890.2879997297822
24,-183.7382058684586,-885.7185852091577
25,-148.90833898022947,-895.4321037646062
26,-414.2507600676556,-906.1206140229223
27,-245.25842971600872,-801.7803705698888
28,-119.99819941861804,-654.1692248120034
29,-215.96774953040912,-863.576961224645
30,-339.77245716024566,-786.4033135831409
31,-288.0274397393189,-824.6595425198426
32,-200.3933726017029,-835.7378989424747
33,-375.27076889773076,-915.1302106002396
34,-432.68293423256586,-748.437203063342
35,-133.10066137025115,-815.902446729179
36,-218.7834972508525,-859.1788191005038
37,-171.29737382703638,-848.7373549826784
38,-88.07547817964112,-987.8341020794696
39,-163.4640927711433,-535.3379484449192
40,-165.14792619583693,-901.9731367046891
41,-267.37682430742495,-768.0054328865025
42,-172.0718171909308,-736.6753031379016
43,-162.17291559104143,-754.325401491636
44,-162.0414402496529,-889.374500189771
45,-191.0600011757904,-454.36923743114056
46,-145.08016475387112,-405.1137995337299
47,-268.65450683729307,-796.4573351225233
48,-203.50441524323153,-929.7966600717688
49,-310.0070079118746,-579.0611909303763
50,-418.7406357612754,-879.578107757782
51,-185.91318475983587,-706.2584703409257
52,-127.24183514448728,-1051.4204838869437
53,-120.41446684126707,-883.3156252376018
54,-173.5350267847621,-855.015956930516
55,-442.5030015124153,-708.3234876377014
56,-124.45895298853252,-1001.7778488828608
57,-223.3647155318946,-441.6548319527218
58,-301.8958801681838,-433.04964483370316
59,-167.57257646277367,-631.2580031516866
60,-170.11208353240823,-657.6937614537122
61,-189.0868487673318,-875.5525136646143
62,-159.84267861529193,-879.1652264761256
63,-112.89981259056424,-969.1520966422073
64,-474.88345112516197,-958.1987982022198
65,-341.20199809351016,-905.8666702160573
66,-75.56777128644413,-922.5866414393203
67,-432.65064617994557,-731.8779414462907
68,-446.3667418974244,-1008.6176400569741
69,-155.1575066753242,-850.7371979112163
70,-241.00371685799797,-766.8850602120592
71,-527.0994343895279,-885.537187482051
72,-240.99295131573683,-868.2267968520651
73,-122.26788311066349,-706.5371545486726
74,-193.0775942591361,-734.0370244534505
75,-343.53751863126706,-807.2510553745533
76,-276.2811404223659,-932.2609767295306
77,-228.90019731236094,-666.1466749218046
78,-238.30895940460277,-873.8469908192444
79,-353.4383233525464,-304.7591775519513
80,-438.2191293841836,-858.5433592049877
81,-234.06757604309303,-851.1187856957127
82,-466.3326146115609,-876.8516612384357
83,-206.79064433855717,-986.0313538573516
84,-117.0412928534113,-258.48326397532213
85,-67.00863379259539,-915.2556804698922
86,-181.42467530627482,-779.0888064348478
87,-273.9169608875534,-531.195352306074
88,-264.19355066088224,-862.8087698148851
89,-650.8710640639018,-832.2030944937421
90,-304.4152214006599,-422.9923271823603
91,-327.14037821258864,-745.5517766269671
92,-502.962276593833,-938.7720535809896
93,-372.7013060867478,-551.536787735199
94,-350.73460376445337,-839.4994424318626
95,-224.1177223978334,-269.4767518226249
96,-188.34598848590815,-861.0919645010656
97,-283.2061857542733,-813.7474960300741
98,-118.66295366064423,-834.4763800314412
99,-440.01587672807244,-945.7589042188011
100,-446.74569965983073,-875.328199238044
101,-141.9718346314171,-649.7010342674768
102,-182.17572356574925,-633.0087084305667
103,-45.898570940115036,-847.5961854731269
104,-83.43415630053062,-433.3846067043636
105,-381.1068641825926,-855.5077131439019
106,-190.60967694642744,-884.6360473878032
107,-107.09935783278661,-845.2756819490696
108,-168.8624824942043,-287.5545594084138
109,-187.03385069776073,-826.8025637116324
110,-468.64014835236907,-721.7039129584489
111,-220.24473303293198,-897.8487842226702
112,-320.0600373621218,-954.5099032920134
113,-318.43177811983105,-815.3459026954902
114,-147.78323520145156,-613.6026374580593
115,-261.20159767435393,-778.1724833895983
116,-435.6148698642768,-875.7804450526442
117,-770.5496132096139,-916.0895376075706
118,-415.13880256378434,-437.363790128443
119,-386.4854809327851,-290.39555753084016
120,-420.1628278545441,-927.4785729208155
121,-667.8255893764668,-499.85960649470644
122,-81.25656682957359,-934.2980781819426
123,-663.8803162864457,-896.8520764096313
124,-293.60204592566936,-259.0552667056385
125,-172.26708332638242,-478.6127257521888
126,-94.13249632120925,-539.8214716415737
127,-291.5717032436341,-925.1724788296955
128,-414.7513836464097,-853.9458731782784
129,-228.27410379571842,-1005.4505907948871
130,-101.27506922268884,-781.024345686263
131,-303.8565762320951,-555.5534838272351
132,-687.0501255423845,-713.0405866725735
133,-537.6942045572225,-938.0494841963376
134,-107.93435814105868,-441.5420358454523
135,-173.7847550524842,-723.6070914315378
136,-337.89079615471235,-369.96353159331915
137,-297.90365126716756,-895.9682737586525
138,-309.0313439336858,-906.5392516277059
139,-129.49295284434365,-564.4034856947508
140,-459.9885724185911,-752.4999928280396
141,-87.28476549894299,-621.9354930061023
142,-320.8159344613652,-776.7792683875585
143,-253.6103400229715,-812.6904389318129
144,-120.60201505201597,-836.9468641504777
145,-257.4536520970688,-406.15633451740763
146,-197.06009593242823,-664.7921820329337
147,-103.77977318688026,-749.2759705248399
148,-131.94456025973645,-607.7060711954424
149,-84.50604078931735,-866.7063574437087
150,-165.083024546694,-844.7456380196163
151,-130.34281763402905,-732.1447750543401
152,-327.83802403041443,-690.7166071074114
153,-40.48083540145028,-917.6206380649295
154,-133.83691362895564,-853.321785864444
155,-151.22601790642545,-637.3533013423908
156,-69.09597506341976,-494.04410407810684
157,-273.2640259122771,-438.412105664064
158,-201.5035733639746,-915.358969236707
159,-221.5477164030644,-917.0999801967977
160,-290.1166435898076,-1025.7710722751503
161,-112.6460973173957,-690.8123170794319
162,-146.55748955005112,-595.6236513459937
163,-196.95001476415632,-540.7416853184997
164,-106.63395107181464,-840.2526819218847
165,-246.24113470400613,-897.8844821810285
166,-600.3409812879543,-878.3997106973998
167,-152.74388281630917,-915.7972103847981
168,-111.80974254582436,-876.2959439454067
169,-223.3473746447239,-894.7885803015621
170,-156.50458024586834,-767.532835819493
171,-346.0244851299571,-888.9277126142416
172,-3.742726111443929,-516.4905090815103
173,-182.09153889864035,-962.8798220071467
174,-121.96897656172901,-673.1166364588763
175,-118.27604169234834,-607.192247781152
176,-133.23816022136688,-864.9808793316611
177,-201.78225335035182,-281.42478904932227
178,-470.7020616804024,-323.1533942445171
179,-395.91680462882476,-612.6520231850782
180,-128.53166180719336,-802.8309836808876
181,-75.32086398674201,-711.5098299591365
182,-161.68191849653107,-846.7443315309336
183,-156.6994746050357,-919.1433734616055
184,-122.28165951696421,-688.3627584837635
185,-150.99722301329902,-542.3050977925488
186,-391.2848590623998,-942.1181376114314
187,-212.96260427593026,-919.4509078831057
188,-149.5781060433481,-915.1204330532879
189,-592.3137313525053,-875.242643649249
190,-515.6469670502794,-786.0634507652944
191,-148.09043579171976,-569.2061646694842
192,-278.5967465805747,-882.4833530653552
193,-106.08316482245169,-774.5618223928045
194,-202.22956561384933,-861.8466017730001
195,-316.0429235992307,-703.0449339380135
196,-352.7648489790999,-693.5953334100517
197,-264.36370990911985,-631.4255258479327
198,-298.1948622976136,-885.2116582519063
199,-254.0968447712571,-785.7093198312348
200,-347.45084978280494,-894.363134551327
201,-201.27945762199678,-684.0080829809276
202,-349.0067261023036,-742.146585042539
203,-292.75352456349344,-658.2334613009797
204,-144.2619163678437,-853.6073388570475
205,-196.5583476252264,-786.7484585283288
206,-257.42744244750435,-861.2874543870583
207,-296.57346824021727,-878.4205886430865
208,-127.581284187243,-301.33950129031234
209,-413.59486548932944,-820.6389923946389
210,-177.21238542620324,-854.9268316734052
211,-169.72356504671143,-826.5089282261738
212,-499.167127998412,-761.1417029731647
213,-279.61548063725786,-651.2129011978387
214,-170.582852174773,-886.7925309992927
215,-265.0730311763954,-895.99248904276
216,-75.57653331152602,-881.8435666517382
217,-363.01756447973025,-597.767388181363
218,-109.20973756568084,-853.7117679190235
219,-141.86290197528194,-258.9127700978002
220,-432.5311237024004,-584.2908456127541
221,-78.89433142743616,-269.55033940121064
222,-109.70813924324433,-702.5631994276232
223,-371.21375732228177,-683.9640950021652
224,-170.71593587542645,-834.7853379891682
225,-615.5061342666776,-652.5059357131894
226,-269.824111862093,-792.6378222015019
227,-138.30291175167912,-756.3483574958229
228,-140.17117619070913,-401.05379189314976
229,-503.89233611070676,-860.2038297461266
230,-214.53958927550605,-887.2339056106443
231,-153.55456439964746,-805.7602780542954
232,-152.8767844931627,-606.3960614330354
233,-561.779494652455,-928.5711287190908
234,-237.11368431119283,-595.314126450719
235,-188.8154155139702,-834.2956173496385
236,-479.0910366694166,-505.69530817640737
237,-134.0406497735636,-915.0575584889215
238,-105.04295339643201,-903.1168238976455
239,-551.8648291431062,-701.4454643150805
240,-164.03020413887066,-599.5784618672573
241,-105.16098003004939,-799.3374453690335
242,4.977250684533416,-283.44683195806147
243,-318.0393614030633,-410.3301179493411
244,-137.8971592812016,-807.9621168351487
245,-337.41982527167033,-881.5685111550256
246,-615.4129444383291,-792.2157553389346
247,-71.6701418827822,-844.4628778020399
248,-356.6551674033714,-906.4414066065497
249,-408.95468668427844,-918.2731674928923
250,-377.5580294558156,-823.8444011035577
251,-154.82745704015383,-830.9237521769829
252,-251.3751858913181,-510.9366524452767
253,-280.417650579767,-888.5803053540591
254,-206.6799525872876,-600.1241967637025
255,-145.3263853327299,-969.4582871686755
256,-12.209729364002186,-780.681085762616
257,-352.3987610355441,-904.3582088377383
258,-194.7480422901986,-664.939005605865
259,-193.14971915393392,-446.82219152382874
260,-96.7946425065883,-867.3740944881674
261,-114.32706898713927,-844.6951024846373
262,-307.1924955775436,-297.92026385015436
263,-301.9115430114413,-945.1390469269376
264,-512.8637922215103,-529.0352419890031
265,-154.46620098188257,-573.0229885698036
266,-375.08583027072143,-845.8971904193094
267,-169.71784390457046,-587.4802720479852
268,-88.60592907072026,-633.3332394340247
269,-113.51488656626825,-443.77487085797856
270,-303.6334086523715,-961.8796745838084
271,-98.50391362497889,-879.775298365497
272,-150.1408915848312,-761.1658637314873
273,-161.3540278857812,-814.8125283461758
274,-264.78814302316454,-619.0442385738307
275,-89.92932388503179,-487.25342935317263
276,-421.1714307744222,-816.3249851639107
277,-146.26437116889372,-766.4235071018014
278,-161.57703337259437,-655.8080548152813
279,-290.48233814085245,-258.6493623506124
280,-268.50344674094146,-591.7077324219456
281,-449.71881123948145,-691.7958113807717
282,-118.14607737100755,-680.7984085733435
283,-391.3640267463946,-902.6302924930869
284,-291.3743654921308,-836.987817400469
285,-142.00338794506177,-600.6254688098127
286,-123.66986839919062,-962.1945974539792
287,-180.0927169719546,-735.8175811135154
288,-174.8309407289687,-598.3052583237302
289,-340.44349855378937,-782.7543523468647
290,-159.1564977156557,-889.6452652825836
291,-652.738717666777,-622.5528203755474
292,-117.86724983060259,-569.2995999992065
293,-118.57872713599858,-814.1919438915158
294,-179.24116256695456,-897.1055690690787
295,-226.54786388389113,-928.5430703744355
296,-119.09944972914022,-822.8443251001304
297,-300.3298084312066,-517.873553122327
298,-165.28069490686593,-802.4369136487512
299,-366.26143735208535,-863.4817085335931
300,-308.9799938974953,-884.8669741763531
301,-600.8876151927393,-532.0606819734468
302,-534.6186274806095,-580.7356935571635
303,-120.61573573142422,-883.8972941357345
304,-131.51947855734883,-484.807814535156
305,-82.22271194741968,-541.5047953929529
306,-154.22220314527385,-246.25085466584926
307,-142.500202735918,-857.7363252994701
308,-180.3549077574596,-927.2081380239274
309,-286.16339207591847,-483.60362197906437
310,-104.68045866514952,-948.531265046797
311,-123.26779007942838,-377.70694247540627
312,-206.81073184277156,-751.7614328032165
313,-151.05157218331613,-908.5781890278241
314,-202.01382545715722,-697.2429973739106
315,-258.2494396509931,-448.6475460872279
316,-204.22492915343207,-535.6055859805404
317,-251.90627391370305,-263.22863034228396
318,-212.2554066141733,-750.0652454873818
319,-208.45681251956432,-809.0331739672788
320,-160.9503857219298,-915.9962003522626
321,-333.5811219604781,-240.64328433462933
322,-124.25664735098559,-300.848776202422
323,-471.4244936784152,-300.19915216715407
324,-124.03035412670047,-714.983096772365
325,-25.136266742152287,-763.0929808982822
326,-231.8499029472065,-628.4420784419266
327,-210.1628082977712,-997.978982639837
328,-159.27145472149851,-531.258263535743
329,-291.8336215463066,-554.6832852287364
330,-511.4299056139121,-761.6227444465256
331,-100.12513190422722,-992.030910335158
332,-167.14182705152018,-570.8317424460479
333,-361.54059294644907,-543.1681481207467
334,-228.35902501163412,-885.6789347576372
335,-603.5104185210098,-774.274151586841
336,-141.1100761587253,-934.0996948412528
337,-396.9176310856363,-520.2630257495166
338,-109.10651037545509,-650.4476399389573
339,-129.55682693795038,-898.0791354206575
340,-391.36311995423046,-948.4429344882196
341,-92.58842006391725,-928.0350321235949
342,-296.42614863849144,-232.7594693413476
343,-573.1891153349422,-526.8050774449802
344,-583.8878566684959,-756.5658046885118
345,-598.5945225162403,-832.3398360914636
346,-469.78549488202907,-730.8753169528353
347,-172.60559266098,-891.7056905097099
348,-293.5133337904508,-799.379661475093
349,-488.1428460715324,-292.9717832258956
350,-19.137152185526375,-542.1722929434618
351,-594.3434369173963,-864.5857055479685
352,-530.4899168987774,-868.1745106556918
353,-453.83268718419214,-891.2479863162548
354,-212.10759530976324,-930.3857093015071
355,-54.42931027110855,-818.2232365733843
356,-411.0602547998428,-872.8688292953874
357,-384.93115163651487,-712.5327230981169
358,-423.10212174070955,-807.6753242305388
359,-335.35200350511377,-385.500909912058
360,-240.29136456728594,-840.149513021986
361,-168.2443167520317,-937.4574666106522
362,-319.8249111502902,-846.946090822158
363,46.54430983343889,-851.1811165332261
364,-187.91625215772683,-843.4771025495231
365,-294.63592556518245,-855.9551735287916
366,-102.29234024976475,-892.5686897076251
367,-27.384442432510156,-952.2409336576173
368,-177.48266205092466,-829.104795260394
369,-258.095151114776,-563.7221527224813
370,-145.73842925944334,-971.5163588617899
371,-211.39214007631816,-889.623511670684
372,-279.443303529061,-650.0931806832566
373,-109.68254030662766,-910.9986097022801
374,-52.47954679602937,-731.390061476282
375,-261.8034789048109,-812.4972842665643
376,-148.8832635506476,-530.8135265164346
377,-358.1403950471007,-280.4320216737976
378,-203.8807123040446,-902.9372267278419
379,-95.82314569259752,-713.4050091204844
380,-83.07695055904057,-419.7252535694248
381,-306.346581530423,-713.5319499668742
382,-341.78753625010927,-919.3299541478311
383,-341.36600760725264,-623.8334606102538
384,-132.4482352816515,-893.7876987300876
385,-362.4784673990827,-931.2004483414191
386,-337.2256751963966,-839.7398978217678
387,-551.2048121287826,-988.8960491755289
388,-446.5020879119582,-637.2082343722846
389,-348.4152347709795,-932.0949373709952
390,-170.41940731481625,-938.320293059325
391,-158.97145561903162,-656.1139044432283
392,-315.39547233145333,-409.2779550468102
393,-226.90043529802765,-831.3386521269114
394,-482.5540908681085,-647.4060787025602
395,-145.1799894308739,-983.0972818945972
396,-331.42589220993784,-641.4465750528228
397,-274.15414354414463,-895.4113773719937
398,-299.8210950689479,-729.6585321330574
399,-90.23569922313435,-718.3517091352223
400,23.312769290310655,-887.4829588848606
401,-327.3107814240735,-492.12540844369624
402,-142.47816433464254,-573.1011703788486
403,-21.441320425073982,-409.6992952878015
404,-242.9442002431294,-642.5477064783098
405,-208.57279769119015,-929.3552319266512
406,-119.99849073421446,-430.299674255786
407,-222.73464240698212,-570.9586532242947
408,-509.49232623134367,-733.8892864701593
409,-123.14460779246961,-406.9134439211518
410,-113.86271731664188,-582.2464201677461
411,-328.70329560827815,-571.1772495627664
412,-409.5243818322878,-864.4470277975446
413,-367.9380473196883,-253.29622738671299
414,-223.29818993008448,-869.8398239147754
415,-190.07207612351772,-910.8197979667009
416,-169.90402651448562,-449.59815205405465
417,-421.78276400681915,-725.4610213077625
418,-367.4604928903583,-289.5759122779294
419,-358.4500524976503,-906.8205552166557
420,-304.692057355723,-904.7917278095418
421,-92.39565082627408,-911.086538480998
422,-185.8772836743022,-915.0652000320309
423,-498.2220819265197,-966.5812374694831
424,-486.29793135828504,-695.2286375236282
425,-252.59668066184526,-744.3689590251029
426,-611.5410541430567,-842.5445252705011
427,-347.9364618455271,-908.7995533087276
428,-498.8086618989206,-752.073102624189
429,-393.49289207857964,-951.2700604832384
430,-127.24937698920886,-601.200553392625
431,-125.95274120986826,-959.1034465841404
432,-171.15894398553036,-824.2070327717602
433,-198.60268023790448,-936.8033095853034
434,-117.9386640268774,-711.2976115992835
435,-307.8379351624918,-884.9184598643812
436,-358.1347514849132,-862.2307567718794
437,-65.23095290733306,-893.4314191456698
438,-288.4063413792727,-858.5506531662066
439,-199.26202036214787,-878.8652630888404
440,-343.46254839535015,-665.2723502838383
441,-204.88422083532905,-676.5745892427067
442,-184.26610134064327,-867.9886253105512
443,-374.1991001044806,-885.9699428008588
444,-302.19764028991517,-766.9662118579623
445,-434.3460424723874,-815.5132478310319
446,-257.57682473358136,-238.97294828683877
447,-460.234763927152,-800.8874528042967
448,-64.6705767730135,-959.9559074609526
449,-354.1621058464916,-282.7057144966843
450,-175.98696365461853,-914.172836965626
451,-182.31189349019826,-889.1545931786087
452,-513.3907099196153,-665.8902950448072
453,-295.9901129757361,-777.6622392068846
454,-201.6037285480465,-282.56571198274423
455,-377.20818221785396,-806.7915716721259
456,-126.68886077252618,-232.72796638827876
457,-236.07053073369573,-798.2088640639923
458,-92.10569217155728,-887.1717740421436
459,-119.03098956799747,-810.2007188011195
460,-205.46326032488534,-291.73483819130445
461,-71.4703739145103,-873.3307612220221
462,-260.73856043200215,-896.7672898364013
463,-153.8614923294793,-711.3493212690447
464,-207.948278955673,-582.6621870213219
465,-215.1192871264216,-621.2228521401893
466,-282.41208687303913,-737.5386455075276
467,-265.7241364302457,-863.7922703130497
468,-257.9709185203001,-912.0841157179947
469,-179.03812409833608,-886.5710201873051
470,-222.0402001862081,-725.4102181004633
471,-215.4084395451025,-612.5471050637562
472,-127.74248853034237,-751.3771719429922
473,-107.92572865186162,-896.1474487041528
474,-166.94301968738517,-872.8324633921628
475,-252.8599124216393,-802.9239749191188
476,-103.17322900253346,-943.1368032458494
477,-187.42776041552224,-856.5537552607053
478,-334.28666073628244,-866.5130719119732
479,-321.727588542028,-867.0619152377398
480,-87.51334261046406,-906.9393685269013
481,-129.80158657205635,-893.9795626876818
482,-152.34688096426083,-726.5218523008216
483,-368.4116660737281,-819.5129374966284
484,-298.4497062917093,-880.9915030339088
485,-196.9097346970959,-854.3421925858185
486,-10.222731200137886,-902.565085118044
487,-117.84800701446274,-867.3702288207569
488,-122.17745944963812,-958.5254100375574
489,-143.87483300789853,-830.1400942876484
490,-278.7448615865436,-674.192582407502
491,-310.70032376073834,-292.20292761073614
492,-323.5218793843612,-881.2673404061502
493,-319.61528317783495,-903.1540239007123
494,-206.96424359373512,-268.1623162832391
495,-210.4008216979895,-917.727821039286
496,-119.5029040007897,-728.1956714183004
497,-104.81947041437266,-646.3208858733746
498,-346.17701998562825,-865.865064485297
499,-392.6344504938945,-788.7410297657918
500,-255.64050651054512,-786.9558628565203
501,-207.79165355749592,-856.7072432283624
502,-161.33425059755626,-915.7034898345808
503,-344.60866834083635,-592.2127350134936
504,-113.61841796614539,-716.7743467628167
505,-235.42117764570133,-942.232888062106
506,-116.313185911615,-813.5826108300478
507,-113.3959837472884,-411.5907339559551
508,-238.21136160562835,-840.8538682447147
509,-130.13380154917746,-526.8281670013814
510,-166.62960163439917,-486.08638256400604
511,-195.58556405258136,-442.2553413020914
512,-333.2623454201803,-401.28034920457833
513,-210.61230148228458,-835.427987408156
514,-143.38686948087303,-840.7469408175741
515,-152.43380099016434,-694.1191149101825
516,-558.1417473482359,-828.7859530063773
517,-207.94221668158266,-650.9278177516803
518,-243.0144960053288,-847.9014381269586
519,-233.47958885670604,-521.0170795635959
520,-83.50885152654601,-805.1568373944112
521,-462.80177150886306,-653.8379809695609
522,-142.219673809936,-712.789268489986
523,-513.675430748788,-822.5754874330628
524,-89.18537844979852,-867.3356383057619
525,-169.2494470712157,-549.7572649944789
526,-414.1580037724931,-466.72145520740827
527,-130.04023333881347,-859.5092596703705
528,-450.54410082156795,-889.717861479736
529,-249.65124650616286,-896.9735003859201
530,-259.99006875775535,-961.9320039514353
531,-228.04589392625735,-746.8617802550723
532,-149.0437557512444,-986.5082239666618
533,-498.97677263651553,-990.677876313812
534,-250.78708850521338,-454.999403017688
535,-280.8334514892246,-517.2634124200175
536,-298.21899463690363,-442.9620487634135
537,-500.0187020788017,-861.1461360155122
538,-258.91110131674645,-941.665603264132
539,-220.87082715505437,-911.5177097951852
540,-249.0754620812011,-973.6785536614849
541,-141.27846862520994,-899.5599642412276
542,-257.30125114904536,-914.9648248554796
543,-161.44017570503908,-914.7889895663909
544,-385.33531465063317,-744.5058705483856
545,-266.19889822488096,-856.5195565912202
546,-198.30159258931224,-796.1903516063298
547,-176.99972844697317,-930.1088619513188
548,-347.89671315747813,-545.912159623746
549,-85.03936538781612,-904.5401236926197
550,-149.58110699565577,-533.8600358424144
551,-172.0805081968391,-945.4539535026738
552,-335.7221540170082,-791.3938146450781
553,-392.8288131596504,-837.870939807559
554,-194.40053094587793,-928.5159898950108
555,-289.37349544965923,-747.6023888321694
556,-324.9247207951208,-259.1665375538121
557,-170.73853077677057,-552.4602918421319
558,-170.20478095971865,-330.1487902666705
559,-364.0700705688628,-512.8780788411352
560,-119.55395140946466,-474.89284929250795
561,-162.6582910822736,-852.5198812186972
562,-190.85374938426946,-909.6711392816195
563,-163.74745086381859,-982.9843577413873
564,-281.4414283668409,-704.1079625411891
565,-202.3021408478434,-298.60938010313515
566,-578.1870795155571,-914.0727632566021
567,-239.61452824596125,-799.1488728270004
568,-122.63591957072703,-855.5605562938355
569,-179.5270132572803,-896.2471636716994
570,-529.8211030668442,-910.4341418922746
571,-168.34396245842134,-304.03899768474605
572,-288.32649224538955,-839.5817471217001
573,-221.19770127974098,-824.1122408086368
574,-179.43388754639915,-796.452801455362
575,-112.16458125694811,-858.5811773995348
576,-588.9079460577545,-629.7020405160719
577,-375.6611407285199,-720.3531496088688
578,-236.91118086347151,-885.1323883624108
579,-234.3288197424312,-900.4624206044367
580,6.258962618907162,-881.6581358558636
581,-311.26047929770914,-808.7522156574189
582,-109.13847701766538,-900.107281135974
583,-296.2331614977998,-430.2380049308984
584,-406.20173881187884,-449.1907961927847
585,-105.25241492345108,-735.1054353678595
586,-150.09913770111962,-915.9230469486322
587,-133.40372052672734,-454.1110079952361
588,-455.5246101792501,-491.01261323914036
589,-368.5714778270204,-714.1751301030234
590,-353.258553898189,-774.9330472415786
591,-124.27114943005982,-773.4519844207867
592,-148.93955267717593,-925.3362770931502
593,-282.30567908756643,-1009.4929963240703
594,-208.4849190611651,-665.3145537602801
595,-262.01131042948714,-750.8911984488726
596,-520.7781431855452,-926.8645347458535
597,-221.5105951718224,-808.9076455969819
598,-413.160176787662,-921.3847012858727
599,-384.19663700089563,-726.7361571742927
600,-132.3219679684458,-848.2662459251237
601,-234.93583865739708,-676.8467300257112
602,-74.08017408700687,-855.384068373778
603,-218.03756907930807,-913.1445935804422
604,-226.55438376130752,-542.4048053566289
605,-485.4400508360077,-734.2030591504102
606,-37.95266181789381,-302.1286060673534
607,-99.87730224564864,-895.6831497366555
608,-194.90515564533086,-722.512864122635
609,-598.66901301995,-641.7061455605542
610,-557.1294800212505,-910.686198161445
611,-301.14645425489573,-919.1202464055417
612,-177.80812762513816,-830.5224953934472
613,-377.4539691063119,-707.0281410891394
614,-124.29862616202263,-968.0071476689344
615,-167.18012692963623,-719.3415932541354
616,-234.88593825128515,-886.4349402392701
617,-348.823438583212,-433.0293422828377
618,-276.00268422205454,-568.8618555889357
619,-437.99846611199393,-895.3702817710526
620,-275.95250400735506,-434.2615296734091
621,-224.42562480848466,-718.918537176222
622,-139.7068915547525,-464.7983198377578
623,-151.35097756325197,-822.9376837074416
624,-718.2201309105593,-725.6750442783389
625,-214.32033652819365,-952.7298725456285
626,-279.10111817514087,-838.5739668559231
627,-150.9448382056288,-932.7187535715616
628,-424.74138570121966,-909.8904563306761
629,-162.52458949759156,-813.6736243341963
630,-142.895424076133,-879.8652000066446
631,-132.5606521672745,-776.0889526362402
632,-557.70130429044,-309.5934937524489
633,-460.0909410688448,-856.7242410380752
634,-467.6505927785368,-770.1647795559609
635,-276.94623794703807,-859.2405539814122
636,-245.30776742314958,-266.6717858005559
637,-102.64940932107058,-838.5704973349467
638,-147.31724746049792,-871.3445617254291
639,-186.35229581522685,-923.0061950498858
640,-321.9152768140285,-510.8830720246829
641,-192.72896100654293,-925.3790489181282
642,-95.71759228343723,-858.8793784011115
643,-210.78480978493008,-766.129129690904
644,-130.97738027668828,-525.251749318793
645,-107.72261655289334,-421.25069197601084
646,-79.57049071259297,-877.3805166168918
647,-107.49995664219605,-449.1711907519686
648,-177.48120306769584,-1023.475140012387
649,-263.2499372978509,-976.0933200380547
650,-373.5116786492017,-502.078612971532
651,-204.8957432857855,-817.6172260013486
652,-259.8883782130756,-830.8721911577662
653,-119.10920535847701,-954.791870485416
654,-136.71335128959393,-919.5223870373464
655,-365.2386088511155,-837.3349808356317
656,-293.98662589407195,-947.6442129650775
657,-429.1106039099063,-489.24426316868124
658,-249.75752336286956,-543.7951168069158
659,-114.07243850960018,-889.354517008158
660,-267.40261590335257,-877.694323990761
661,-471.90506025033096,-864.6899239180892
662,-266.28889090254734,-403.23939458471995
663,-309.33522275982267,-856.6345053691626
664,-112.82339851314175,-771.9821063736584
665,-210.21971884409786,-667.0256252072888
666,-167.69369848452465,-890.5822604948211
667,-135.02010198229672,-887.1441363758762
668,-119.4571966724444,-943.2596911599263
669,-101.75772274255506,-279.6874672202932
670,-314.77729173185503,-723.2524777682935
671,-108.91328475989721,-727.0798312823971
672,-164.347598487133,-842.3701744112738
673,-260.6631294385681,-254.97928379854665
674,-163.44882950355043,-681.6213022544864
675,-632.3828316499184,-861.5881507959047
676,-369.2329079476229,-956.105140605
677,-320.31351025449885,-910.555650126309
678,-153.152669072594,-829.2215794843826
679,-377.01159027707376,-801.8827972266045
680,-371.37747015934656,-608.1401462854368
681,-145.09482943201388,-594.4370896112014
682,-118.28521034122912,-572.2089826890316
683,-312.2106516963718,-543.9908546330312
684,-145.48591790191568,-864.288129818015
685,-181.0330067220891,-866.9886853225937
686,-253.29466994518145,-760.5666693215251
687,-156.097234430339,-929.5766750645147
688,-132.36540441919897,-525.259298615324
689,-393.8357970780935,-541.0411014289366
690,-141.38405086461648,-958.6046494813395
691,-119.42874626983712,-442.1641971519772
692,-311.4545867257402,-902.8419237692128
693,-332.79303500319554,-945.0825772305033
694,-455.9271453890165,-711.9336368352112
695,-148.4780432252149,-733.9513369825938
696,-137.133888553116,-472.96452741451094
697,-92.14666743207187,-867.9331136874092
698,-347.4759291362551,-886.7790733594379
699,-112.71304214159045,-643.6801493082944
700,-330.99849333672466,-909.3441145031045
701,-264.3157158188601,-974.0988921681687
702,-544.7875748723419,-581.292683891052
703,-135.56231295926892,-971.6359722374367
704,-461.4801247656967,-389.69609379719446
705,-123.12089256502736,-555.5223778944953
706,-140.97128757646692,-863.8195382115877
707,-212.70482107471682,-534.7442733556878
708,-346.3382652594971,-986.570567012296
709,-161.35633243620538,-884.069360456724
710,-201.18211180816178,-851.8983185082385
711,-204.8660292913096,-807.0944662700522
712,-130.9988758173843,-536.9861477467869
713,-240.25371685947954,-890.1604477881635
714,-386.16390870585127,-722.8551935795559
715,-231.8410356106956,-862.8558013701518
716,-579.1986522288187,-862.9355712794112
717,-116.69288333649574,-683.6985882439785
718,-160.53092821811106,-367.5789233603233
719,-257.2806466212421,-864.3650112879399
720,-93.79483286669691,-491.2099872029392
721,-83.38546105123511,-508.7484336168817
722,-94.49476882266734,-247.148539687765
723,-354.20328945571555,-816.4362425933098
724,-313.61663624635025,-843.0894776514774
725,-349.3531057078279,-874.1586827024583
726,-259.35415315388985,-264.73398163981085
727,-614.0255851988522,-447.4314687556891
728,-167.4100639390194,-678.8692418854297
729,-167.90815606473146,-887.7358966025884
730,-115.3694343885209,-992.7042098408825
731,-495.5653608088047,-289.0795561371426
732,-226.74513862371933,-661.4224220056465
733,-292.9770779689926,-886.5208873251636
734,-216.2447970854238,-963.7789372802162
735,-287.31093403334137,-479.5943872446008
736,-217.13981970510378,-633.0225987210995
737,-115.8105200799411,-452.81972516034256
738,-355.5436740966959,-885.4196568591323
739,-204.20289599346899,-683.0596803777805
740,-243.6375814684495,-551.9307042539824
741,-189.63585868545434,-890.3764857427524
742,-172.6411384135733,-457.4497049824998
743,-117.93869899866164,-849.2756057793487
744,-269.5169044751058,-474.3536253260938
745,-135.50402359211523,-841.9467987615451
746,-116.47253218948319,-860.150711345462
747,-197.5562466887518,-403.07664316176323
748,-90.10965015338084,-612.3902776819378
749,8.747915037207619,-807.4476221750018
750,-124.78439066603681,-315.3268578107493
751,-196.15356639754117,-831.0209162114359
752,-262.8037772594163,-905.71717259753
753,-305.0732781717786,-765.7091592180559
754,-219.21719776579505,-854.2497435016244
755,-230.81645204899684,-826.8327287037915
756,-87.3983197546642,-530.3358090419508
757,-118.19102310566797,-840.9882450214757
758,-89.22106596051066,-881.4956294805536
759,-349.32728577078973,-806.5476166964843
760,-392.7178849537363,-811.3221546655537
761,-168.35880738147947,-500.9907859662689
762,-563.8447026946259,-824.5528242368293
763,-206.01257459274404,-852.2235461341529
764,-152.5889875005802,-903.0265997710868
765,-243.1101603426022,-550.5406769639876
766,-126.79160571078287,-869.3835927997422
767,-89.43554535087131,-878.046680054445
768,-114.2682674924449,-848.0719127698408
769,-198.4538831242594,-564.0134867715855
770,-217.36667674563307,-511.01515863758345
771,-188.37089847406838,-826.3657061202184
772,-163.3009701811035,-605.3889921881762
773,-371.43250192431685,-789.7747854116681
774,-426.84907099715673,-805.311601318717
775,-84.59997249846413,-273.2594394504606
776,-98.13622202605075,-722.4400994381499
777,-391.7623040562018,-427.5290027335382
778,-304.00889296981507,-586.8155914469864
779,-171.11609488782835,-770.3023576269193
780,-107.18963010551684,-874.5572024815232
781,-193.01911546269218,-785.9899518840241
782,-287.11358911042043,-874.5984789383931
783,-140.0987127126064,-441.52890705743806
784,-263.3667306410928,-267.37988998186324
785,-111.13804685472243,-903.8667886153149
786,-253.14729940302428,-509.68639365217825
787,-372.91993516442756,-844.9932738446513
788,-169.8649492652741,-773.2194791475497
789,-198.21911230691046,-970.9128044311107
790,-70.07978242850768,-280.55952920093546
791,-200.3556894797083,-941.7499778821692
792,-354.6591381355283,-628.8605409754418
793,-352.67607300964414,-737.5353707088807
794,-134.6908552830429,-891.2966329436543
795,-455.7861711897066,-599.6905440043354
796,-506.34155143086565,-814.5761706978095
797,-319.63137463829855,-844.926810869589
798,-273.02923546122184,-584.3232857294579
799,-460.3895772061418,-878.6169743297494
800,-506.89170454528215,-899.4033227353668
801,-112.9383793278569,-416.18549488136205
802,-215.36011801718206,-867.3039056793823
803,-125.0814340416371,-898.0542994860446
804,44.67031504767249,-655.8901710690303
805,-61.752428370685095,-876.3152928042267
806,-158.65745355781078,-867.3337440102565
807,-9.944589669875782,-494.9206833152662
808,-151.08209030667945,-951.1932076979732
809,-283.6730101771434,-252.62651830455792
810,-352.0488331260359,-470.6997812546167
811,-212.4574245460182,-528.0558465208627
812,-82.08338483637424,-960.4221359757934
813,29.595367109803476,-970.2894538055347
814,-164.67855321207162,-557.9241605076817
815,-379.9540022937988,-628.1871172565415
816,-107.73074137832509,-521.5878434564809
817,-59.470687219473334,-960.4647192163077
818,-434.5275123459104,-540.385925669543
819,-68.05456506382055,-450.55196733894167
820,-188.58211243212907,-939.5383051941732
821,-68.47199238683409,-561.638271658773
822,-213.71821174906339,-914.3034040798096
823,-78.44278442951638,-730.0636823188394
824,-235.82402768418123,-327.92037217075756
825,-437.0518682739826,-827.4402606922273
826,-275.6234833165472,-687.4398802290418
827,-137.54257698924414,-867.8995766051529
828,-349.10620952130887,-839.7681262104177
829,-185.4081148999902,-957.7262930438438
830,-77.39398744543274,-753.1702356559267
831,-63.74811163492649,-847.6691667009812
832,-267.0788237200367,-565.0874901775609
833,2.4146666517968782,-798.7596555882096
834,-146.78036255031373,-302.4187010405084
835,-185.49704192076504,-873.8356275697988
836,-151.66878872633882,-952.3511396042403
837,-155.50390908983698,-478.945510373757
838,-92.02616915840647,-792.2243095103072
839,-161.75287731852848,-966.4583810719328
840,-88.91209936045391,-867.7832685365411
841,-59.963156828026364,-899.0650235284116
842,-107.27310132508038,-653.6635698479172
843,-229.298696202057,-940.4451608169784
844,-122.46863715565578,-894.6998656355081
845,-306.7758993555883,-864.2825397525334
846,-106.41990150526738,-821.7402855548718
847,-183.7269933418035,-271.84306989851524
848,-87.23619708633521,-672.7340784064686
849,-290.87450309856285,-912.5165494162181
850,-361.2111550064366,-929.8721398743872
851,-212.0282283905019,-956.4949665594255
852,-127.84746509467786,-812.9529077492919
853,-405.62996912642944,-306.9955023137751
854,-428.6511312619464,-1014.2873333643072
855,-161.37386552801942,-755.3397218251323
856,-123.9845497888168,-686.2486187347712
857,-162.0788130233837,-900.9886965499753
858,-563.9414831822481,-930.1855758258091
859,-122.14272602002178,-887.421812521764
860,-87.43817127506088,-544.3257019702611
861,-372.2089270983552,-783.096279703803
862,-351.7353016236822,-782.8770516964711
863,-102.03687869256386,-819.8038841267578
864,-159.7893458267485,-736.6463011606833
865,-99.34162607985955,-722.6378274225584
866,-53.977692054453826,-829.1448320855968
867,-177.79209925206723,-907.7282605903112
868,-121.6364235130221,-643.6966863461395
869,-196.3805684882696,-628.9684653901804
870,29.665862877436723,-456.0778994050034
871,-282.15705431552044,-861.0208299838808
872,-189.82477319313261,-865.9340887168304
873,-15.594614247475846,-943.6933817013031
874,-283.70933558607845,-820.7124733707793
875,-130.0519805861852,-706.5824695795626
876,-149.98227479585955,-820.9475931567034
877,-114.49573776446714,-800.749788227027
878,-257.1166061362638,-538.6428531199916
879,-227.50427441713347,-1003.0992351445666
880,-401.3642138980267,-874.4641140173064
881,-157.2862242805423,-922.8542952607653
882,-329.48605359218857,-881.050250616475
883,-107.9871596996966,-642.141095728114
884,-151.9788531717943,-817.5314332990107
885,-372.2253852178166,-781.5392075358536
886,-382.4121562488789,-797.8410457835402
887,-377.82164570918275,-887.0432839153417
888,-472.2230729682852,-866.6808193791488
889,-157.0052631425945,-587.6020050613986
890,-243.4577867454659,-1008.5383601607273
891,-256.11180920960476,-856.4054403299223
892,-391.6530618915873,-543.9174206695286
893,-119.38590133301459,-446.8878346368665
894,-158.1022325792464,-966.8296331074221
895,-92.70632982299844,-740.3310650533755
896,-179.9648873361175,-860.788975562974
897,-200.10981303044147,-880.5705723585808
898,-115.70465383341157,-529.0379723152296
899,-339.79556238122746,-494.16066175616805
900,-442.5922131840904,-686.4573791168901
901,-312.2632728720033,-918.0072797258421
902,-430.6359993759873,-857.1234646258491
903,-135.75397890506883,-922.3991308666554
904,-156.60890873899297,-878.9547604336202
905,-359.6753050460687,-597.7218584903137
906,-175.23982128748668,-410.2259303625363
907,-87.18190125699422,-965.3778124708302
908,-154.78396489717795,-1009.6136010912518
909,-126.32719019695045,-964.4495137165626
910,-201.4985671555369,-897.2141145019248
911,-169.79501504317471,-897.6305734169235
912,-76.55424976652236,-850.0275441179401
913,-83.54386977615178,-918.8903015250744
914,-114.95458998733939,-843.2091832639074
915,-173.90999104344226,-703.2397983227007
916,-225.06605938706815,-512.0157998634705
917,-489.6532545106001,-833.6712124852216
918,-284.8112270059522,-539.3738288414861
919,-218.00413480372174,-253.53356483650197
920,-120.96183636335849,-545.0137147730511
921,-102.95481253888566,-407.84117181817015
922,-225.12831525837828,-672.8702689705843
923,-190.2213925312664,-740.0242825813172
924,-134.36658816309745,-656.5015568799419
925,-154.28492995593285,-959.3697025226379
926,-125.60563807197403,-884.4346549084863
927,-127.71469177354567,-674.5434786876289
928,-177.5011021513189,-761.8130557312594
929,-201.69911143953397,-955.2258199538306
930,-258.6208335163084,-473.8184780028692
931,0.51966500976215,-456.0807647557361
932,-375.439042538025,-840.2686178498986
933,-282.9850093637934,-871.4532091972404
934,-103.37059898241465,-818.5765867395821
935,-150.1226392887885,-934.7178836646092
936,-89.55164652369282,-897.2001515954272
937,-117.32045300351943,-889.832177876735
938,-728.3060630875049,-395.82992091625306
939,-224.9613366143142,-689.9734700864295
940,-158.9648312519451,-884.0326919163625
941,-129.8644051698145,-696.9613271716129
942,-346.86490891848405,-637.0999633515969
943,-326.002311348851,-938.5435426382896
944,-188.44135920091338,-773.9334273384864
945,-142.0665200511824,-977.6238881511232
946,-160.77321404284268,-927.8205577583433
947,-307.0055434857402,-555.5126982636873
948,-101.21583576954652,-846.9426315830001
949,-183.57330851442083,-724.118063207797
950,-458.5614494847023,-499.9065259891507
951,-270.43838478935265,-841.1397344592473
952,-298.71859335820477,-893.2182761096008
953,-220.93565733883838,-239.13284963933773
954,-298.7806595529148,-1031.793264482985
955,-225.15718178642862,-663.5222759459188
956,-122.21304508194076,-441.3704774501312
957,-307.1034763913924,-916.077186417053
958,-348.27015454815705,-859.5877197544131
959,-5.907802535611921,-946.4519629561158
960,-658.1885541413995,-763.3861620150718
961,-180.63331534811903,-505.0119299909439
962,-196.0307830043447,-834.1938337633659
963,-221.73425857409882,-641.9820841689511
964,-122.42629434828947,-937.7086512567648
965,-304.60606439913323,-937.6030129448569
966,-132.84540531532764,-452.57046492715307
967,-230.18926294827287,-785.9831366651362
968,-114.34184751755839,-921.5364247258902
969,-356.60064843043006,-627.2960116184802
970,-163.35089423270182,-916.4412520720999
971,-356.43573422699467,-934.4253300817181
972,-441.3670259018905,-798.9560100717986
973,-423.43432450518264,-608.319077107878
974,-234.71324185028533,-762.7118912769849
975,-216.84541727346704,-583.9038664340551
976,-138.378662098975,-648.6385558691044
977,-163.3099608423434,-776.464169019942
978,-398.12172607563565,-291.09140947489004
979,-638.3207741275958,-502.8346290451707
980,-258.2236145960411,-806.2718170426742
981,-324.9555569464111,-866.1498401676067
982,-132.35474944667112,-485.1584695300441
983,-105.26785220896201,-284.26957907522683
984,-350.14486638589693,-478.6448102495771
985,-109.66756507629268,-699.2038040903291
986,-138.1948043745216,-897.2366866048371
987,-434.0500963922692,-984.6114952235719
988,-245.46124628479782,-698.70276070813
989,-294.9132316606921,-725.2199413958061
990,-386.6679476232373,-855.2203828701223
991,-490.007499304285,-878.5884100494585
992,-320.6585353528111,-910.2294660648306
993,-227.4324748755039,-452.3972188772436
994,-121.17089823014189,-720.9858770202857
995,-138.8387662815795,-464.91207298674505
996,-272.7261746987377,-969.4533034760979
997,-316.6403398322226,-845.6197612412001
998,-211.9172986121515,-733.6744868200752
999,-425.58563546844744,-842.8502283970795
