,train,test
0,-364.0,-117.0
1,-1167.0,-118.0
2,-284.0,-112.0
3,-482.0,-119.0
4,-217.0,-118.0
5,-746.0,-89.0
6,-315.0,-116.0
7,-246.0,-180.0
8,-253.0,-132.0
9,-172.0,-121.0
10,-154.0,-148.0
11,-162.0,-113.0
12,-332.0,-108.0
13,-247.0,-120.0
14,-97.0,-128.0
15,-164.0,-89.0
16,-151.0,-113.0
17,-154.0,-118.0
18,-157.0,-97.0
19,-166.0,-88.0
20,-92.0,-146.0
21,-159.0,-88.0
22,-145.0,-119.0
23,-152.0,-120.0
24,-85.0,-119.0
25,-160.0,-92.0
26,-140.0,-91.0
27,-151.0,-114.0
28,-151.0,-128.0
29,-152.0,-119.0
30,-154.0,-117.0
31,-159.0,-104.0
32,-109.0,-118.0
33,-156.0,-119.0
34,-199.0,-118.0
35,-181.0,-118.0
36,-152.0,-134.0
37,-203.0,-128.0
38,-159.0,-105.0
39,-154.0,-117.0
40,-205.0,-132.0
41,-148.0,-121.0
42,-152.0,-95.0
43,-161.0,-114.0
44,-156.0,-132.0
45,-150.0,-88.0
46,-144.0,-119.0
47,-159.0,-114.0
48,-161.0,-97.0
49,-160.0,-118.0
50,-160.0,-95.0
51,-176.0,-138.0
52,-161.0,-119.0
53,-198.0,-114.0
54,-169.0,-121.0
55,-160.0,-113.0
56,-157.0,-119.0
57,-159.0,-119.0
58,-176.0,-109.0
59,-177.0,-134.0
60,-223.0,-88.0
61,-168.0,-119.0
62,-160.0,-179.0
63,-154.0,-128.0
64,-160.0,-121.0
65,-163.0,-118.0
66,-161.0,-146.0
67,-87.0,-90.0
68,-87.0,-119.0
69,-96.0,-103.0
70,-177.0,-91.0
71,-87.0,-132.0
72,-97.0,-107.0
73,-159.0,-119.0
74,-94.0,-175.0
75,-160.0,-123.0
76,-163.0,-115.0
77,-157.0,-120.0
78,-89.0,-119.0
79,-164.0,-121.0
80,-85.0,-119.0
81,-99.0,-97.0
82,-148.0,-158.0
83,-85.0,-119.0
84,-130.0,-119.0
85,-96.0,-118.0
86,-148.0,-88.0
87,-166.0,-119.0
88,-162.0,-117.0
89,-155.0,-119.0
90,-156.0,-162.0
91,-154.0,-119.0
92,-106.0,-179.0
93,-179.0,-158.0
94,-160.0,-117.0
95,-91.0,-120.0
96,-148.0,-90.0
97,-85.0,-110.0
98,-122.0,-119.0
99,-150.0,-113.0
100,-160.0,-97.0
101,-154.0,-121.0
102,-93.0,-118.0
103,-150.0,-119.0
104,-97.0,-128.0
105,-153.0,-98.0
106,-153.0,-120.0
107,-163.0,-119.0
108,-86.0,-120.0
109,-145.0,-119.0
110,-91.0,-114.0
111,-154.0,-120.0
112,-159.0,-121.0
113,-157.0,-121.0
114,-152.0,-123.0
115,-160.0,-119.0
116,-92.0,-123.0
117,-88.0,-88.0
118,-91.0,-161.0
119,-152.0,-134.0
120,-153.0,-106.0
121,-85.0,-148.0
122,-158.0,-118.0
123,-156.0,-114.0
124,-85.0,-88.0
125,-90.0,-100.0
126,-147.0,-132.0
127,-161.0,-119.0
128,-156.0,-149.0
129,-155.0,-147.0
130,-88.0,-118.0
131,-104.0,-88.0
132,-153.0,-118.0
133,-167.0,-87.0
134,-93.0,-120.0
135,-172.0,-120.0
136,-166.0,-168.0
137,-198.0,-92.0
138,-155.0,-128.0
139,-90.0,-172.0
140,-171.0,-119.0
141,-87.0,-134.0
142,-155.0,-118.0
143,-86.0,-93.0
144,-140.0,-132.0
145,-163.0,-123.0
146,-153.0,-114.0
147,-166.0,-167.0
148,-92.0,-118.0
149,-186.0,-89.0
150,-99.0,-128.0
151,-154.0,-121.0
152,-159.0,-113.0
153,-160.0,-120.0
154,-106.0,-88.0
155,-86.0,-120.0
156,-151.0,-134.0
157,-152.0,-158.0
158,-152.0,-121.0
159,-111.0,-90.0
160,-154.0,-119.0
161,-179.0,-92.0
162,-160.0,-119.0
163,-152.0,-123.0
164,-151.0,-119.0
165,-92.0,-90.0
166,-155.0,-119.0
167,-183.0,-128.0
168,-143.0,-93.0
169,-89.0,-128.0
170,-146.0,-87.0
171,-161.0,-89.0
172,-152.0,-96.0
173,-152.0,-182.0
174,-144.0,-90.0
175,-142.0,-134.0
176,-149.0,-95.0
177,-145.0,-97.0
178,-154.0,-173.0
179,-93.0,-173.0
180,-145.0,-108.0
181,-150.0,-120.0
182,-138.0,-120.0
183,-145.0,-119.0
184,-156.0,-118.0
185,-98.0,-118.0
186,-150.0,-92.0
187,-144.0,-159.0
188,-141.0,-113.0
189,-86.0,-119.0
190,-164.0,-98.0
191,-91.0,-171.0
192,-156.0,-119.0
193,-142.0,-91.0
194,-161.0,-117.0
195,-143.0,-88.0
196,-155.0,-119.0
197,-148.0,-113.0
198,-87.0,-134.0
199,-86.0,-90.0
200,-144.0,-88.0
201,-143.0,-90.0
202,-84.0,-106.0
203,-152.0,-120.0
204,-87.0,-87.0
205,-103.0,-119.0
206,-150.0,-160.0
207,-148.0,-97.0
208,-154.0,-100.0
209,-98.0,-118.0
210,-152.0,-168.0
211,-145.0,-95.0
212,-164.0,-87.0
213,-152.0,-119.0
214,-152.0,-119.0
215,-151.0,-140.0
216,-156.0,-88.0
217,-150.0,-119.0
218,-165.0,-113.0
219,-155.0,-119.0
220,-151.0,-122.0
221,-148.0,-123.0
222,-86.0,-120.0
223,-148.0,-94.0
224,-94.0,-118.0
225,-145.0,-119.0
226,-164.0,-119.0
227,-157.0,-134.0
228,-110.0,-128.0
229,-159.0,-118.0
230,-85.0,-168.0
231,-155.0,-123.0
232,-139.0,-106.0
233,-95.0,-103.0
234,-149.0,-119.0
235,-156.0,-113.0
236,-105.0,-96.0
237,-99.0,-134.0
238,-148.0,-120.0
239,-143.0,-117.0
240,-155.0,-128.0
241,-144.0,-103.0
242,-87.0,-147.0
243,-150.0,-89.0
244,-86.0,-119.0
245,-136.0,-174.0
246,-143.0,-119.0
247,-166.0,-119.0
248,-101.0,-88.0
249,-145.0,-118.0
250,-161.0,-119.0
251,-152.0,-120.0
252,-84.0,-128.0
253,-146.0,-92.0
254,-176.0,-134.0
255,-83.0,-128.0
256,-147.0,-128.0
257,-149.0,-114.0
258,-160.0,-116.0
259,-90.0,-88.0
260,-138.0,-121.0
261,-160.0,-104.0
262,-89.0,-120.0
263,-147.0,-113.0
264,-144.0,-119.0
265,-137.0,-119.0
266,-140.0,-119.0
267,-104.0,-114.0
268,-147.0,-118.0
269,-88.0,-123.0
270,-143.0,-93.0
271,-144.0,-90.0
272,-92.0,-113.0
273,-142.0,-158.0
274,-104.0,-98.0
275,-98.0,-104.0
276,-91.0,-123.0
277,-86.0,-123.0
278,-155.0,-161.0
279,-141.0,-94.0
280,-138.0,-119.0
281,-144.0,-117.0
282,-153.0,-119.0
283,-123.0,-87.0
284,-158.0,-119.0
285,-140.0,-97.0
286,-140.0,-105.0
287,-150.0,-172.0
288,-154.0,-119.0
289,-93.0,-119.0
290,-143.0,-109.0
291,-146.0,-91.0
292,-141.0,-118.0
293,-151.0,-106.0
294,-89.0,-113.0
295,-155.0,-158.0
296,-164.0,-88.0
297,-91.0,-104.0
298,-140.0,-158.0
299,-150.0,-119.0
300,-150.0,-103.0
301,-160.0,-113.0
302,-148.0,-134.0
303,-144.0,-95.0
304,-94.0,-118.0
305,-144.0,-128.0
306,-143.0,-159.0
307,-150.0,-96.0
308,-99.0,-91.0
309,-159.0,-123.0
310,-154.0,-161.0
311,-156.0,-132.0
312,-192.0,-128.0
313,-155.0,-132.0
314,-139.0,-118.0
315,-145.0,-113.0
316,-97.0,-89.0
317,-154.0,-90.0
318,-140.0,-120.0
319,-146.0,-120.0
320,-150.0,-122.0
321,-146.0,-87.0
322,-144.0,-121.0
323,-158.0,-119.0
324,-88.0,-87.0
325,-110.0,-134.0
326,-154.0,-118.0
327,-86.0,-117.0
328,-164.0,-118.0
329,-159.0,-119.0
330,-89.0,-159.0
331,-96.0,-139.0
332,-138.0,-119.0
333,-144.0,-88.0
334,-138.0,-89.0
335,-97.0,-119.0
336,-84.0,-87.0
337,-148.0,-146.0
338,-149.0,-134.0
339,-140.0,-94.0
340,-117.0,-161.0
341,-99.0,-92.0
342,-144.0,-119.0
343,-91.0,-120.0
344,-159.0,-119.0
345,-148.0,-128.0
346,-154.0,-95.0
347,-136.0,-134.0
348,-161.0,-118.0
349,-143.0,-119.0
350,-87.0,-118.0
351,-156.0,-89.0
352,-149.0,-117.0
353,-143.0,-179.0
354,-89.0,-132.0
355,-112.0,-119.0
356,-83.0,-179.0
357,-83.0,-88.0
358,-157.0,-119.0
359,-154.0,-119.0
360,-177.0,-123.0
361,-153.0,-119.0
362,-153.0,-114.0
363,-229.0,-148.0
364,-147.0,-119.0
365,-159.0,-102.0
366,-158.0,-120.0
367,-94.0,-180.0
368,-246.0,-88.0
369,-371.0,-119.0
370,-154.0,-119.0
371,-88.0,-167.0
372,-148.0,-120.0
373,-88.0,-123.0
374,-159.0,-119.0
375,-151.0,-88.0
376,-93.0,-119.0
377,-152.0,-119.0
378,-238.0,-93.0
379,-87.0,-119.0
380,-98.0,-118.0
381,-150.0,-128.0
382,-89.0,-90.0
383,-154.0,-119.0
384,-160.0,-105.0
385,-168.0,-134.0
386,-169.0,-96.0
387,-156.0,-132.0
388,-95.0,-128.0
389,-149.0,-146.0
390,-160.0,-123.0
391,-212.0,-118.0
392,-89.0,-179.0
393,-228.0,-134.0
394,-171.0,-114.0
395,-150.0,-134.0
396,-162.0,-117.0
397,-185.0,-119.0
398,-241.0,-88.0
399,-225.0,-89.0
400,-551.0,-113.0
401,-152.0,-128.0
402,-155.0,-128.0
403,-90.0,-149.0
404,-84.0,-128.0
405,-154.0,-130.0
406,-150.0,-119.0
407,-120.0,-96.0
408,-101.0,-128.0
409,-85.0,-94.0
410,-162.0,-119.0
411,-88.0,-119.0
412,-161.0,-119.0
413,-167.0,-89.0
414,-83.0,-104.0
415,-95.0,-114.0
416,-155.0,-118.0
417,-95.0,-119.0
418,-88.0,-119.0
419,-167.0,-134.0
420,-1845.0,-134.0
421,-159.0,-91.0
422,-156.0,-98.0
423,-90.0,-119.0
424,-400.0,-118.0
425,-102.0,-134.0
426,-160.0,-88.0
427,-163.0,-117.0
428,-87.0,-117.0
429,-157.0,-119.0
430,-171.0,-134.0
431,-159.0,-119.0
432,-157.0,-179.0
433,-157.0,-92.0
434,-89.0,-147.0
435,-93.0,-119.0
436,-155.0,-119.0
437,-157.0,-134.0
438,-158.0,-89.0
439,-160.0,-158.0
440,-2362.0,-88.0
441,-152.0,-119.0
442,-539.0,-94.0
443,-156.0,-149.0
444,-158.0,-118.0
445,-157.0,-132.0
446,-155.0,-117.0
447,-151.0,-113.0
448,-89.0,-117.0
449,-151.0,-105.0
450,-153.0,-123.0
451,-158.0,-118.0
452,-156.0,-174.0
453,-173.0,-88.0
454,-144.0,-114.0
455,-561.0,-92.0
456,-163.0,-119.0
457,-159.0,-163.0
458,-149.0,-94.0
459,-155.0,-119.0
460,-153.0,-119.0
461,-228.0,-119.0
462,-164.0,-119.0
463,-156.0,-159.0
464,-157.0,-90.0
465,-157.0,-118.0
466,-157.0,-120.0
467,-152.0,-94.0
468,-154.0,-115.0
469,-149.0,-120.0
470,-147.0,-118.0
471,-148.0,-132.0
472,-156.0,-128.0
473,-154.0,-167.0
474,-153.0,-134.0
475,-153.0,-163.0
476,-154.0,-89.0
477,-167.0,-119.0
478,-145.0,-147.0
479,-152.0,-128.0
480,-147.0,-134.0
481,-146.0,-118.0
482,-252.0,-118.0
483,-155.0,-87.0
484,-160.0,-147.0
485,-157.0,-98.0
486,-172.0,-120.0
487,-153.0,-121.0
488,-90.0,-89.0
489,-153.0,-120.0
490,-157.0,-91.0
491,-148.0,-128.0
492,-153.0,-95.0
493,-161.0,-94.0
494,-144.0,-95.0
495,-148.0,-119.0
496,-161.0,-95.0
497,-158.0,-161.0
498,-98.0,-118.0
499,-158.0,-120.0
500,-88.0,-120.0
501,-154.0,-120.0
502,-91.0,-134.0
503,-132.0,-119.0
504,-172.0,-119.0
505,-155.0,-120.0
506,-85.0,-114.0
507,-164.0,-134.0
508,-139.0,-134.0
509,-161.0,-101.0
510,-123.0,-119.0
511,-163.0,-90.0
512,-150.0,-169.0
513,-148.0,-119.0
514,-155.0,-128.0
515,-156.0,-120.0
516,-137.0,-119.0
517,-150.0,-120.0
518,-110.0,-146.0
519,-152.0,-114.0
520,-153.0,-117.0
521,-90.0,-119.0
522,-112.0,-118.0
523,-156.0,-120.0
524,-95.0,-160.0
525,-145.0,-174.0
526,-161.0,-118.0
527,-88.0,-119.0
528,-178.0,-121.0
529,-98.0,-119.0
530,-144.0,-119.0
531,-90.0,-119.0
532,-157.0,-119.0
533,-151.0,-119.0
534,-84.0,-98.0
535,-97.0,-172.0
536,-166.0,-119.0
537,-155.0,-119.0
538,-145.0,-108.0
539,-100.0,-119.0
540,-147.0,-132.0
541,-86.0,-134.0
542,-162.0,-96.0
543,-165.0,-108.0
544,-94.0,-119.0
545,-95.0,-105.0
546,-135.0,-88.0
547,-152.0,-128.0
548,-148.0,-87.0
549,-170.0,-123.0
550,-109.0,-162.0
551,-174.0,-118.0
552,-155.0,-128.0
553,-154.0,-121.0
554,-94.0,-158.0
555,-150.0,-119.0
556,-127.0,-118.0
557,-100.0,-119.0
558,-156.0,-90.0
559,-153.0,-101.0
560,-153.0,-143.0
561,-156.0,-134.0
562,-101.0,-121.0
563,-161.0,-120.0
564,-178.0,-120.0
565,-153.0,-99.0
566,-149.0,-94.0
567,-96.0,-123.0
568,-146.0,-88.0
569,-86.0,-119.0
570,-94.0,-119.0
571,-87.0,-174.0
572,-188.0,-119.0
573,-151.0,-114.0
574,-151.0,-128.0
575,-136.0,-119.0
576,-146.0,-119.0
577,-88.0,-165.0
578,-153.0,-128.0
579,-92.0,-96.0
580,-93.0,-89.0
581,-150.0,-119.0
582,-86.0,-95.0
583,-104.0,-121.0
584,-160.0,-160.0
585,-88.0,-119.0
586,-143.0,-106.0
587,-147.0,-117.0
588,-93.0,-113.0
589,-146.0,-128.0
590,-159.0,-103.0
591,-85.0,-120.0
592,-146.0,-184.0
593,-157.0,-94.0
594,-150.0,-90.0
595,-89.0,-146.0
596,-150.0,-113.0
597,-145.0,-119.0
598,-155.0,-128.0
599,-155.0,-128.0
600,-89.0,-104.0
601,-103.0,-114.0
602,-93.0,-132.0
603,-140.0,-90.0
604,-146.0,-119.0
605,-170.0,-119.0
606,-143.0,-120.0
607,-90.0,-123.0
608,-141.0,-93.0
609,-139.0,-158.0
610,-195.0,-119.0
611,-92.0,-123.0
612,-145.0,-134.0
613,-139.0,-119.0
614,-135.0,-119.0
615,-108.0,-174.0
616,-154.0,-167.0
617,-138.0,-146.0
618,-97.0,-132.0
619,-139.0,-121.0
620,-155.0,-119.0
621,-140.0,-120.0
622,-99.0,-92.0
623,-148.0,-134.0
624,-88.0,-119.0
625,-153.0,-119.0
626,-148.0,-119.0
627,-119.0,-104.0
628,-158.0,-116.0
629,-144.0,-90.0
630,-145.0,-94.0
631,-135.0,-98.0
632,-140.0,-91.0
633,-162.0,-88.0
634,-144.0,-118.0
635,-93.0,-121.0
636,-145.0,-89.0
637,-144.0,-90.0
638,-84.0,-93.0
639,-139.0,-113.0
640,-92.0,-95.0
641,-151.0,-119.0
642,-84.0,-101.0
643,-140.0,-119.0
644,-139.0,-117.0
645,-146.0,-113.0
646,-138.0,-107.0
647,-142.0,-87.0
648,-152.0,-121.0
649,-151.0,-119.0
650,-143.0,-90.0
651,-140.0,-119.0
652,-138.0,-113.0
653,-139.0,-113.0
654,-143.0,-91.0
655,-145.0,-104.0
656,-87.0,-177.0
657,-132.0,-134.0
658,-87.0,-93.0
659,-185.0,-104.0
660,-137.0,-99.0
661,-137.0,-92.0
662,-104.0,-102.0
663,-141.0,-118.0
664,-144.0,-118.0
665,-140.0,-119.0
666,-143.0,-117.0
667,-88.0,-109.0
668,-145.0,-146.0
669,-142.0,-104.0
670,-193.0,-95.0
671,-140.0,-120.0
672,-84.0,-119.0
673,-89.0,-120.0
674,-145.0,-118.0
675,-143.0,-119.0
676,-142.0,-99.0
677,-88.0,-132.0
678,-141.0,-118.0
679,-147.0,-93.0
680,-166.0,-96.0
681,-87.0,-168.0
682,-147.0,-115.0
683,-149.0,-120.0
684,-85.0,-119.0
685,-144.0,-119.0
686,-131.0,-90.0
687,-92.0,-119.0
688,-145.0,-119.0
689,-183.0,-110.0
690,-89.0,-91.0
691,-143.0,-103.0
692,-144.0,-103.0
693,-84.0,-121.0
694,-90.0,-101.0
695,-157.0,-87.0
696,-142.0,-119.0
697,-88.0,-95.0
698,-145.0,-119.0
699,-171.0,-120.0
700,-87.0,-119.0
701,-143.0,-181.0
702,-144.0,-128.0
703,-142.0,-91.0
704,-146.0,-98.0
705,-93.0,-118.0
706,-93.0,-104.0
707,-145.0,-121.0
708,-87.0,-119.0
709,-86.0,-120.0
710,-143.0,-132.0
711,-138.0,-87.0
712,-142.0,-101.0
713,-140.0,-146.0
714,-147.0,-88.0
715,-87.0,-88.0
716,-85.0,-132.0
717,-87.0,-167.0
718,-181.0,-113.0
719,-148.0,-184.0
720,-147.0,-120.0
721,-147.0,-118.0
722,-152.0,-119.0
723,-192.0,-105.0
724,-141.0,-119.0
725,-140.0,-119.0
726,-86.0,-118.0
727,-204.0,-158.0
728,-190.0,-93.0
729,-143.0,-119.0
730,-138.0,-119.0
731,-121.0,-180.0
732,-94.0,-110.0
733,-88.0,-113.0
734,-139.0,-132.0
735,-171.0,-120.0
736,-157.0,-96.0
737,-139.0,-117.0
738,-91.0,-102.0
739,-139.0,-132.0
740,-174.0,-91.0
741,-91.0,-119.0
742,-138.0,-88.0
743,-140.0,-119.0
744,-92.0,-119.0
745,-94.0,-95.0
746,-139.0,-119.0
747,-137.0,-106.0
748,-138.0,-100.0
749,-144.0,-134.0
750,-87.0,-134.0
751,-134.0,-179.0
752,-143.0,-164.0
753,-115.0,-100.0
754,-137.0,-134.0
755,-139.0,-118.0
756,-85.0,-119.0
757,-135.0,-103.0
758,-155.0,-108.0
759,-151.0,-113.0
760,-154.0,-132.0
761,-174.0,-95.0
762,-146.0,-119.0
763,-221.0,-117.0
764,-136.0,-118.0
765,-202.0,-132.0
766,-188.0,-88.0
767,-140.0,-112.0
768,-124.0,-132.0
769,-141.0,-97.0
770,-158.0,-97.0
771,-128.0,-96.0
772,-141.0,-120.0
773,-89.0,-118.0
774,-170.0,-95.0
775,-174.0,-118.0
776,-169.0,-172.0
777,-110.0,-88.0
778,-183.0,-120.0
779,-105.0,-92.0
780,-103.0,-119.0
781,-166.0,-94.0
782,-163.0,-125.0
783,-172.0,-92.0
784,-152.0,-88.0
785,-142.0,-119.0
786,-104.0,-119.0
787,-105.0,-146.0
788,-140.0,-121.0
789,-104.0,-115.0
790,-160.0,-132.0
791,-88.0,-91.0
792,-151.0,-146.0
793,-148.0,-99.0
794,-85.0,-158.0
795,-87.0,-118.0
796,-148.0,-123.0
797,-148.0,-104.0
798,-91.0,-91.0
799,-90.0,-119.0
800,-178.0,-119.0
801,-149.0,-120.0
802,-153.0,-161.0
803,-86.0,-165.0
804,-145.0,-93.0
805,-84.0,-117.0
806,-140.0,-167.0
807,-148.0,-128.0
808,-103.0,-120.0
809,-95.0,-119.0
810,-106.0,-87.0
811,-156.0,-118.0
812,-102.0,-117.0
813,-122.0,-117.0
814,-102.0,-104.0
815,-105.0,-119.0
816,-83.0,-119.0
817,-156.0,-119.0
818,-105.0,-173.0
819,-103.0,-128.0
820,-84.0,-132.0
821,-111.0,-89.0
822,-88.0,-128.0
823,-148.0,-119.0
824,-108.0,-97.0
825,-107.0,-119.0
826,-172.0,-132.0
827,-104.0,-120.0
828,-99.0,-119.0
829,-113.0,-123.0
830,-105.0,-119.0
831,-87.0,-120.0
832,-94.0,-117.0
833,-84.0,-169.0
834,-153.0,-134.0
835,-169.0,-118.0
836,-99.0,-120.0
837,-109.0,-115.0
838,-93.0,-119.0
839,-107.0,-118.0
840,-113.0,-89.0
841,-103.0,-88.0
842,-95.0,-118.0
843,-165.0,-132.0
844,-182.0,-120.0
845,-149.0,-119.0
846,-87.0,-92.0
847,-158.0,-87.0
848,-146.0,-119.0
849,-161.0,-99.0
850,-144.0,-179.0
851,-145.0,-123.0
852,-151.0,-114.0
853,-153.0,-98.0
854,-158.0,-106.0
855,-151.0,-128.0
856,-142.0,-119.0
857,-137.0,-102.0
858,-151.0,-179.0
859,-172.0,-119.0
860,-144.0,-118.0
861,-145.0,-119.0
862,-88.0,-134.0
863,-131.0,-119.0
864,-142.0,-119.0
865,-146.0,-128.0
866,-157.0,-93.0
867,-150.0,-117.0
868,-145.0,-119.0
869,-144.0,-146.0
870,-145.0,-179.0
871,-150.0,-119.0
872,-146.0,-88.0
873,-146.0,-110.0
874,-143.0,-99.0
875,-150.0,-88.0
876,-143.0,-128.0
877,-149.0,-88.0
878,-151.0,-121.0
879,-153.0,-100.0
880,-148.0,-95.0
881,-143.0,-90.0
882,-145.0,-119.0
883,-148.0,-89.0
884,-146.0,-119.0
885,-146.0,-88.0
886,-101.0,-114.0
887,-90.0,-100.0
888,-144.0,-104.0
889,-150.0,-113.0
890,-96.0,-112.0
891,-160.0,-119.0
892,-146.0,-134.0
893,-145.0,-120.0
894,-92.0,-117.0
895,-101.0,-103.0
896,-92.0,-143.0
897,-101.0,-134.0
898,-106.0,-98.0
899,-90.0,-119.0
900,-145.0,-119.0
901,-108.0,-106.0
902,-139.0,-120.0
903,-145.0,-132.0
904,-146.0,-123.0
905,-105.0,-119.0
906,-149.0,-117.0
907,-143.0,-132.0
908,-87.0,-119.0
909,-145.0,-117.0
910,-141.0,-97.0
911,-143.0,-118.0
912,-145.0,-99.0
913,-105.0,-107.0
914,-171.0,-118.0
915,-85.0,-120.0
916,-128.0,-120.0
917,-152.0,-120.0
918,-142.0,-123.0
919,-105.0,-120.0
920,-105.0,-172.0
921,-103.0,-93.0
922,-85.0,-113.0
923,-118.0,-174.0
924,-147.0,-115.0
925,-177.0,-128.0
926,-151.0,-91.0
927,-153.0,-99.0
928,-149.0,-119.0
929,-149.0,-136.0
930,-151.0,-90.0
931,-151.0,-92.0
932,-94.0,-158.0
933,-146.0,-134.0
934,-150.0,-162.0
935,-88.0,-140.0
936,-154.0,-128.0
937,-147.0,-89.0
938,-150.0,-119.0
939,-110.0,-91.0
940,-116.0,-132.0
941,-94.0,-119.0
942,-147.0,-146.0
943,-153.0,-120.0
944,-147.0,-128.0
945,-147.0,-134.0
946,-153.0,-162.0
947,-144.0,-111.0
948,-144.0,-102.0
949,-97.0,-119.0
950,-94.0,-90.0
951,-152.0,-104.0
952,-97.0,-114.0
953,-149.0,-120.0
954,-93.0,-158.0
955,-160.0,-120.0
956,-144.0,-132.0
957,-94.0,-162.0
958,-99.0,-119.0
959,-173.0,-147.0
960,-148.0,-123.0
961,-142.0,-167.0
962,-148.0,-120.0
963,-147.0,-119.0
964,-134.0,-132.0
965,-107.0,-98.0
966,-150.0,-121.0
967,-149.0,-118.0
968,-153.0,-90.0
969,-106.0,-173.0
970,-156.0,-118.0
971,-140.0,-104.0
972,-146.0,-119.0
973,-142.0,-118.0
974,-106.0,-119.0
975,-150.0,-116.0
976,-154.0,-163.0
977,-149.0,-119.0
978,-153.0,-119.0
979,-150.0,-96.0
980,-151.0,-121.0
981,-155.0,-128.0
982,-105.0,-159.0
983,-152.0,-103.0
984,-105.0,-117.0
985,-152.0,-158.0
986,-108.0,-120.0
987,-149.0,-128.0
988,-146.0,-118.0
989,-146.0,-159.0
990,-183.0,-119.0
991,-154.0,-132.0
992,-152.0,-87.0
993,-118.0,-94.0
994,-169.0,-158.0
995,-122.0,-118.0
996,-120.0,-98.0
997,-143.0,-93.0
998,-167.0,-90.0
999,-123.0,-119.0
